t190005.grd
DSAA
125 95
0.0 124
0.0 94
-3.386940 3.474759 
[rows 28 to 41 of 95, columns 0 to 30 of 125]
170141000918782798866653488190622531584.00 170141000918782798866653488190622531584.00 170141000918782798866653488190622531584.00 170141000918782798866653488190622531584.00 170141000918782798866653488190622531584.00 170141000918782798866653488190622531584.00 170141000918782798866653488190622531584.00 -0.70 -0.70 -0.87 170141000918782798866653488190622531584.00 -0.96 -1.04 -1.14 -1.27 -1.41 -1.57 -1.71 -1.79 -1.76 -1.63 -1.44 -1.27 -0.90 -0.76 -0.66 0.05 0.62 0.77 1.03 1.13
170141000918782798866653488190622531584.00 170141000918782798866653488190622531584.00 170141000918782798866653488190622531584.00 170141000918782798866653488190622531584.00 170141000918782798866653488190622531584.00 170141000918782798866653488190622531584.00 170141000918782798866653488190622531584.00 -1.02 -1.04 -1.07 -1.13 -1.22 -1.33 -1.47 -1.63 -1.81 -2.00 -2.16 -2.27 -2.28 -2.14 -1.94 -1.74 -1.27 -1.07 -0.43 -0.18 0.05 0.74 0.87 1.13
170141000918782798866653488190622531584.00 170141000918782798866653488190622531584.00 170141000918782798866653488190622531584.00 170141000918782798866653488190622531584.00 170141000918782798866653488190622531584.00 170141000918782798866653488190622531584.00 170141000918782798866653488190622531584.00 -1.18 -1.22 -1.27 -1.36 -1.47 -1.61 -1.77 -1.96 -2.17 -2.37 -2.57 -2.72 -2.77 -2.59 -2.37 -2.14 -1.94 -1.37 -0.70 -0.42 -0.17 0.05 0.83 1.49
170141000918782798866653488190622531584.00 170141000918782798866653488190622531584.00 170141000918782798866653488190622531584.00 170141000918782798866653488190622531584.00 170141000918782798866653488190622531584.00 170141000918782798866653488190622531584.00 170141000918782798866653488190622531584.00 -1.33 -1.38 -1.46 -1.57 -1.70 -1.86 -2.04 -2.24 -2.45 -2.67 -2.86 -3.01 -3.03 -2.89 -2.68 -2.45 -2.24 -1.26 -0.94 -0.65 -0.39 -0.17 1.26 1.45
170141000918782798866653488190622531584.00 170141000918782798866653488190622531584.00 170141000918782798866653488190622531584.00 170141000918782798866653488190622531584.00 170141000918782798866653488190622531584.00 170141000918782798866653488190622531584.00 170141000918782798866653488190622531584.00 -1.46 -1.53 -1.63 -1.75 -1.89 -2.06 -2.25 -2.46 -2.67 -2.87 -3.04 -3.15 -3.13 -3.04 -2.87 -2.66 -2.45 -1.88 -1.16 -0.87 0.00 0.38 0.73 1.47
170141000918782798866653488190622531584.00 170141000918782798866653488190622531584.00 170141000918782798866653488190622531584.00 170141000918782798866653488190622531584.00 170141000918782798866653488190622531584.00 170141000918782798866653488190622531584.00 170141000918782798866653488190622531584.00 -1.58 -1.66 -1.77 -1.90 -2.05 -2.22 -2.41 -2.61 -2.81 -2.99 -3.14 -3.22 -3.16 -3.10 -2.96 -2.78 -2.36 -2.06 -1.09 -0.75 -0.06 0.33 0.74 1.08
170141000918782798866653488190622531584.00 170141000918782798866653488190622531584.00 170141000918782798866653488190622531584.00 170141000918782798866653488190622531584.00 170141000918782798866653488190622531584.00 170141000918782798866653488190622531584.00 170141000918782798866653488190622531584.00 -1.67 -1.77 170141000918782798866653488190622531584.00 -2.01 -2.16 -2.33 -2.52 -2.70 -2.88 -3.04 -3.17 -3.23 -3.37 -3.31 -3.18 -3.01 -2.82 -1.82 -1.15 -0.82 -0.21 0.36 0.74 1.09
170141000918782798866653488190622531584.00 170141000918782798866653488190622531584.00 170141000918782798866653488190622531584.00 170141000918782798866653488190622531584.00 170141000918782798866653488190622531584.00 170141000918782798866653488190622531584.00 170141000918782798866653488190622531584.00 170141000918782798866653488190622531584.00 170141000918782798866653488190622531584.00 170141000918782798866653488190622531584.00 170141000918782798866653488190622531584.00 170141000918782798866653488190622531584.00 -2.40 -2.57 -2.74 -2.90 -3.04 -3.14 -3.37 -3.36 -3.30 -3.19 -3.03 -2.17 -1.85 -1.53 -1.23 -0.23 0.36 0.46 1.55
170141000918782798866653488190622531584.00 170141000918782798866653488190622531584.00 170141000918782798866653488190622531584.00 170141000918782798866653488190622531584.00 170141000918782798866653488190622531584.00 170141000918782798866653488190622531584.00 170141000918782798866653488190622531584.00 170141000918782798866653488190622531584.00 170141000918782798866653488190622531584.00 170141000918782798866653488190622531584.00 170141000918782798866653488190622531584.00 170141000918782798866653488190622531584.00 -2.43 -2.58 -2.74 -2.88 -3.21 -3.29 -3.33 -3.31 -3.25 -3.15 -2.46 -2.16 -1.85 -1.53 -0.69 -0.27 0.15 0.47 0.89
170141000918782798866653488190622531584.00 170141000918782798866653488190622531584.00 170141000918782798866653488190622531584.00 170141000918782798866653488190622531584.00 170141000918782798866653488190622531584.00 170141000918782798866653488190622531584.00 170141000918782798866653488190622531584.00 170141000918782798866653488190622531584.00 170141000918782798866653488190622531584.00 170141000918782798866653488190622531584.00 170141000918782798866653488190622531584.00 -2.29 -2.42 -2.56 -2.70 -3.07 -3.16 -3.23 -3.25 -3.23 -3.17 -2.67 -2.42 -2.13 -1.82 -1.11 -0.72 -0.31 0.11 0.46 0.88
170141000918782798866653488190622531584.00 170141000918782798866653488190622531584.00 170141000918782798866653488190622531584.00 170141000918782798866653488190622531584.00 170141000918782798866653488190622531584.00 170141000918782798866653488190622531584.00 170141000918782798866653488190622531584.00 170141000918782798866653488190622531584.00 170141000918782798866653488190622531584.00 170141000918782798866653488190622531584.00 170141000918782798866653488190622531584.00 -2.27 -2.39 -2.82 -2.92 -3.02 -3.09 -3.13 -3.14 -3.12 -2.81 -2.61 -2.36 -2.09 -1.79 -1.13 -0.76 -0.36 0.05 0.41 0.83
170141000918782798866653488190622531584.00 170141000918782798866653488190622531584.00 170141000918782798866653488190622531584.00 170141000918782798866653488190622531584.00 170141000918782798866653488190622531584.00 170141000918782798866653488190622531584.00 170141000918782798866653488190622531584.00 170141000918782798866653488190622531584.00 170141000918782798866653488190622531584.00 170141000918782798866653488190622531584.00 -2.13 -2.30 -2.68 -2.78 -2.87 -2.94 -3.00 -3.03 -3.03 -2.87 -2.73 -2.54 -2.31 -2.04 -1.47 -1.16 -0.81 -0.43 -0.03 0.34 0.75
170141000918782798866653488190622531584.00 170141000918782798866653488190622531584.00 170141000918782798866653488190622531584.00 170141000918782798866653488190622531584.00 170141000918782798866653488190622531584.00 170141000918782798866653488190622531584.00 170141000918782798866653488190622531584.00 170141000918782798866653488190622531584.00 170141000918782798866653488190622531584.00 170141000918782798866653488190622531584.00 170141000918782798866653488190622531584.00 -2.28 -2.64 -2.73 -2.80 -2.86 -2.90 -2.91 -2.77 -2.79 -2.65 -2.47 -2.26 -1.79 -1.49 -1.20 -0.87 -0.51 -0.13 0.24 0.64
170141000918782798866653488190622531584.00 170141000918782798866653488190622531584.00 170141000918782798866653488190622531584.00 170141000918782798866653488190622531584.00 170141000918782798866653488190622531584.00 170141000918782798866653488190622531584.00 170141000918782798866653488190622531584.00 170141000918782798866653488190622531584.00 170141000918782798866653488190622531584.00 170141000918782798866653488190622531584.00 -2.18 -2.52 -2.60 -2.66 -2.72 -2.77 -2.67 -2.69 -2.68 -2.71 -2.58 -2.42 -2.22 -1.77 -1.52 -1.26 -0.96 -0.62 -0.25 0.12 170141000918782798866653488190622531584.00
