t190001.grd
DSAA
125 95
0.0 124
0.0 94
-3.793668 5.580661 
[rows 28 to 41 of 95, columns 31 to 61 of 125]
3.81 4.04 2.99 3.68 3.58 3.47 2.48 2.39 2.91 2.77 2.63 2.50 2.44 2.35 2.29 2.30 2.33 2.36 2.84 3.12 3.25 3.17 3.26 4.08 4.05 4.02 3.99 3.96 3.94 3.93 3.87
3.79 2.85 2.75 2.65 2.39 2.31 2.24 2.16 1.95 1.86 1.79 1.72 2.44 2.39 2.30 2.31 2.32 2.74 2.82 3.09 3.23 3.14 3.22 3.30 4.04 4.02 3.99 3.97 3.96 3.94 3.87
2.49 2.60 2.49 2.39 2.12 2.05 1.98 1.91 1.69 1.62 1.57 1.53 1.53 1.58 2.33 2.32 2.33 2.74 2.81 2.88 3.22 3.11 3.20 3.27 4.05 4.02 4.00 3.98 3.97 3.96 3.88
2.24 2.33 2.22 2.12 1.85 1.78 1.71 1.65 1.43 1.39 1.36 1.34 1.38 1.44 1.51 1.58 2.35 2.74 2.80 2.87 3.09 3.10 3.18 3.25 4.05 4.03 4.01 3.99 3.98 3.97 3.88
1.09 1.10 1.11 1.04 1.11 1.17 1.21 1.24 1.26 1.15 1.15 1.15 1.20 1.30 1.38 1.46 1.55 1.63 2.81 2.86 3.09 3.11 3.18 3.25 3.28 4.03 4.02 4.00 3.99 3.98 3.88
0.62 0.63 0.69 0.62 0.71 0.79 0.85 0.91 0.95 0.98 1.00 0.97 1.04 1.11 1.25 1.35 1.45 1.54 1.63 2.87 3.05 3.12 3.19 3.25 3.27 3.33 4.03 4.02 4.01 4.00 3.89
0.01 0.17 -0.02 0.19 0.30 0.41 0.50 0.57 0.64 0.69 0.73 0.77 0.80 0.97 1.14 1.25 1.35 1.46 1.56 1.90 2.02 3.14 3.20 3.26 3.27 3.32 4.04 4.03 4.02 4.01 3.89
-0.48 -0.40 -0.48 -0.29 -0.10 0.03 0.14 0.24 0.33 0.40 0.47 0.53 0.58 0.63 0.67 1.15 1.27 1.38 1.49 1.81 1.93 2.29 3.22 3.23 3.28 3.32 3.37 4.04 4.03 4.02 3.89
-0.99 -0.89 -0.94 -0.73 -0.52 -0.33 -0.20 -0.08 0.02 0.11 0.20 0.29 0.36 0.43 0.50 0.74 1.20 1.32 1.43 1.73 1.86 2.04 2.37 3.24 3.28 3.33 3.37 3.40 4.04 4.04 3.31
-1.60 -1.39 -1.40 -1.17 -0.93 -0.69 -0.52 -0.40 -0.29 -0.17 -0.06 0.05 0.15 0.24 0.33 0.60 0.62 0.68 1.39 1.67 1.79 2.00 2.33 2.44 3.30 3.34 3.37 3.41 4.05 3.34 3.30
-2.10 -1.95 -1.87 -1.62 -1.36 -1.07 -0.92 -0.73 -0.59 -0.45 -0.31 -0.18 -0.05 0.06 0.17 0.26 0.49 0.56 0.63 1.61 1.74 1.96 2.30 2.42 3.31 3.35 3.38 3.41 3.44 3.28 3.16
-2.60 -2.45 -2.34 -2.08 -1.81 -1.56 -1.42 -1.30 -1.13 -0.71 -0.55 -0.40 -0.25 -0.11 0.01 0.12 0.36 0.45 0.52 0.59 1.70 1.94 2.06 2.39 2.45 2.54 3.39 3.33 3.93 3.75 2.92
-3.09 -2.94 -2.74 -2.53 -2.25 -2.00 -1.84 -1.68 -1.54 -1.29 -1.16 -1.04 -0.43 -0.27 -0.13 -0.00 -0.14 -0.08 -0.02 0.02 0.05 1.06 0.52 0.54 0.56 0.58 170141000918782798866653488190622531584.00 170141000918782798866653488190622531584.00 170141000918782798866653488190622531584.00 170141000918782798866653488190622531584.00 170141000918782798866653488190622531584.00
170141000918782798866653488190622531584.00 170141000918782798866653488190622531584.00 170141000918782798866653488190622531584.00 170141000918782798866653488190622531584.00 170141000918782798866653488190622531584.00 170141000918782798866653488190622531584.00 170141000918782798866653488190622531584.00 170141000918782798866653488190622531584.00 170141000918782798866653488190622531584.00 170141000918782798866653488190622531584.00 170141000918782798866653488190622531584.00 170141000918782798866653488190622531584.00 170141000918782798866653488190622531584.00 170141000918782798866653488190622531584.00 170141000918782798866653488190622531584.00 -0.36 -0.26 -0.18 -0.12 -0.07 -0.82 0.45 0.48 0.51 0.53 0.55 170141000918782798866653488190622531584.00 170141000918782798866653488190622531584.00 170141000918782798866653488190622531584.00 170141000918782798866653488190622531584.00 170141000918782798866653488190622531584.00
