t190002.grd
DSAA
125 95
0.0 124
0.0 94
-7.879174 1.982598 
[rows 28 to 41 of 95, columns 0 to 30 of 125]
170141000918782798866653488190622531584.00 170141000918782798866653488190622531584.00 170141000918782798866653488190622531584.00 170141000918782798866653488190622531584.00 170141000918782798866653488190622531584.00 170141000918782798866653488190622531584.00 170141000918782798866653488190622531584.00 -2.62 -2.67 -2.74 170141000918782798866653488190622531584.00 -2.85 -2.93 -3.02 -3.14 -3.30 -3.49 -3.71 -3.93 -4.14 -4.31 -4.40 -4.43 -4.39 -4.41 -4.40 -4.86 -4.37 -4.50 -4.53 -4.72
170141000918782798866653488190622531584.00 170141000918782798866653488190622531584.00 170141000918782798866653488190622531584.00 170141000918782798866653488190622531584.00 170141000918782798866653488190622531584.00 170141000918782798866653488190622531584.00 170141000918782798866653488190622531584.00 -2.90 -2.95 -3.01 -3.08 -3.16 -3.26 -3.38 -3.52 -3.69 -3.90 -4.12 -4.34 -4.53 -4.66 -4.73 -4.76 -4.69 -4.70 -4.67 -5.06 -5.11 -4.59 -4.71 -4.74
170141000918782798866653488190622531584.00 170141000918782798866653488190622531584.00 170141000918782798866653488190622531584.00 170141000918782798866653488190622531584.00 170141000918782798866653488190622531584.00 170141000918782798866653488190622531584.00 170141000918782798866653488190622531584.00 -3.14 -3.20 -3.28 -3.36 -3.46 -3.58 -3.71 -3.87 -4.06 -4.26 -4.49 -4.71 -4.89 -4.98 -5.04 -5.06 -5.06 -4.97 -5.50 -5.27 -5.30 -5.33 -4.78 -5.25
170141000918782798866653488190622531584.00 170141000918782798866653488190622531584.00 170141000918782798866653488190622531584.00 170141000918782798866653488190622531584.00 170141000918782798866653488190622531584.00 170141000918782798866653488190622531584.00 170141000918782798866653488190622531584.00 -3.37 -3.45 -3.54 -3.64 -3.75 -3.88 -4.03 -4.20 -4.38 -4.59 -4.80 -5.00 -5.16 -5.25 -5.29 -5.31 -5.31 -5.70 -5.74 -5.79 -5.48 -5.47 -5.30 -5.43
170141000918782798866653488190622531584.00 170141000918782798866653488190622531584.00 170141000918782798866653488190622531584.00 170141000918782798866653488190622531584.00 170141000918782798866653488190622531584.00 170141000918782798866653488190622531584.00 170141000918782798866653488190622531584.00 -3.59 -3.68 -3.79 -3.90 -4.02 -4.16 -4.32 -4.49 -4.67 -4.86 -5.05 -5.23 -5.37 -5.46 -5.50 -5.52 -5.52 -5.92 -5.96 -5.99 -5.78 -5.83 -5.87 -5.86
170141000918782798866653488190622531584.00 170141000918782798866653488190622531584.00 170141000918782798866653488190622531584.00 170141000918782798866653488190622531584.00 170141000918782798866653488190622531584.00 170141000918782798866653488190622531584.00 170141000918782798866653488190622531584.00 -3.81 -3.91 -4.02 -4.14 -4.27 -4.42 -4.58 -4.74 -4.92 -5.09 -5.27 -5.42 -5.55 -5.63 -5.68 -5.71 -5.71 -5.69 -6.15 -6.28 -5.92 -5.96 -6.32 -6.34
170141000918782798866653488190622531584.00 170141000918782798866653488190622531584.00 170141000918782798866653488190622531584.00 170141000918782798866653488190622531584.00 170141000918782798866653488190622531584.00 170141000918782798866653488190622531584.00 170141000918782798866653488190622531584.00 -4.01 -4.12 170141000918782798866653488190622531584.00 -4.36 -4.50 -4.65 -4.80 -4.97 -5.13 -5.30 -5.45 -5.59 -5.70 -5.78 -5.84 -5.86 -5.86 -6.56 -6.45 -6.49 -6.22 -6.49 -6.49 -6.50
170141000918782798866653488190622531584.00 170141000918782798866653488190622531584.00 170141000918782798866653488190622531584.00 170141000918782798866653488190622531584.00 170141000918782798866653488190622531584.00 170141000918782798866653488190622531584.00 170141000918782798866653488190622531584.00 170141000918782798866653488190622531584.00 170141000918782798866653488190622531584.00 170141000918782798866653488190622531584.00 170141000918782798866653488190622531584.00 170141000918782798866653488190622531584.00 -4.85 -5.00 -5.16 -5.32 -5.47 -5.61 -5.73 -5.84 -5.91 -5.96 -6.34 -6.47 -6.46 -6.45 -6.45 -6.44 -6.67 -6.97 -6.23
170141000918782798866653488190622531584.00 170141000918782798866653488190622531584.00 170141000918782798866653488190622531584.00 170141000918782798866653488190622531584.00 170141000918782798866653488190622531584.00 170141000918782798866653488190622531584.00 170141000918782798866653488190622531584.00 170141000918782798866653488190622531584.00 170141000918782798866653488190622531584.00 170141000918782798866653488190622531584.00 170141000918782798866653488190622531584.00 170141000918782798866653488190622531584.00 -5.03 -5.18 -5.33 -5.47 -5.62 -5.75 -5.86 -6.25 -6.35 -6.44 -6.69 -6.68 -6.67 -6.66 -6.66 -6.65 -6.63 -7.08 -7.03
170141000918782798866653488190622531584.00 170141000918782798866653488190622531584.00 170141000918782798866653488190622531584.00 170141000918782798866653488190622531584.00 170141000918782798866653488190622531584.00 170141000918782798866653488190622531584.00 170141000918782798866653488190622531584.00 170141000918782798866653488190622531584.00 170141000918782798866653488190622531584.00 170141000918782798866653488190622531584.00 170141000918782798866653488190622531584.00 -5.04 -5.18 -5.33 -5.47 -5.61 -6.04 -6.17 -6.30 -6.42 -6.52 -6.88 -6.88 -6.87 -6.87 -6.88 -6.86 -6.85 -6.84 -7.19 -7.14
170141000918782798866653488190622531584.00 170141000918782798866653488190622531584.00 170141000918782798866653488190622531584.00 170141000918782798866653488190622531584.00 170141000918782798866653488190622531584.00 170141000918782798866653488190622531584.00 170141000918782798866653488190622531584.00 170141000918782798866653488190622531584.00 170141000918782798866653488190622531584.00 170141000918782798866653488190622531584.00 170141000918782798866653488190622531584.00 -5.18 -5.65 -5.79 -5.93 -6.07 -6.20 -6.34 -6.46 -6.57 -7.06 -7.05 -7.05 -7.05 -7.05 -7.07 -7.06 -7.04 -7.03 -7.31 -7.26
170141000918782798866653488190622531584.00 170141000918782798866653488190622531584.00 170141000918782798866653488190622531584.00 170141000918782798866653488190622531584.00 170141000918782798866653488190622531584.00 170141000918782798866653488190622531584.00 170141000918782798866653488190622531584.00 170141000918782798866653488190622531584.00 170141000918782798866653488190622531584.00 170141000918782798866653488190622531584.00 -5.56 -5.69 -5.82 -5.95 -6.09 -6.22 -6.36 -6.48 -6.60 -7.20 -7.21 -7.21 -7.22 -7.22 -7.25 -7.24 -7.24 -7.23 -7.22 -7.43 -7.38
170141000918782798866653488190622531584.00 170141000918782798866653488190622531584.00 170141000918782798866653488190622531584.00 170141000918782798866653488190622531584.00 170141000918782798866653488190622531584.00 170141000918782798866653488190622531584.00 170141000918782798866653488190622531584.00 170141000918782798866653488190622531584.00 170141000918782798866653488190622531584.00 170141000918782798866653488190622531584.00 170141000918782798866653488190622531584.00 -5.83 -5.96 -6.10 -6.23 -6.37 -6.49 -6.62 -6.69 -7.33 -7.35 -7.36 -7.37 -7.45 -7.41 -7.41 -7.41 -7.40 -7.39 -7.55 -7.50
170141000918782798866653488190622531584.00 170141000918782798866653488190622531584.00 170141000918782798866653488190622531584.00 170141000918782798866653488190622531584.00 170141000918782798866653488190622531584.00 170141000918782798866653488190622531584.00 170141000918782798866653488190622531584.00 170141000918782798866653488190622531584.00 170141000918782798866653488190622531584.00 170141000918782798866653488190622531584.00 -5.84 -5.97 -6.10 -6.23 -6.36 -6.49 -6.48 -6.64 -6.79 -7.45 -7.47 -7.49 -7.51 -7.56 -7.56 -7.56 -7.57 -7.56 -7.56 -7.66 170141000918782798866653488190622531584.00
