t190005.grd
DSAA
125 95
0.0 124
0.0 94
-3.386940 3.474759 
[rows 14 to 27 of 95, columns 31 to 61 of 125]
170141000918782798866653488190622531584.00 170141000918782798866653488190622531584.00 170141000918782798866653488190622531584.00 170141000918782798866653488190622531584.00 170141000918782798866653488190622531584.00 170141000918782798866653488190622531584.00 170141000918782798866653488190622531584.00 170141000918782798866653488190622531584.00 170141000918782798866653488190622531584.00 170141000918782798866653488190622531584.00 170141000918782798866653488190622531584.00 170141000918782798866653488190622531584.00 170141000918782798866653488190622531584.00 170141000918782798866653488190622531584.00 170141000918782798866653488190622531584.00 170141000918782798866653488190622531584.00 170141000918782798866653488190622531584.00 170141000918782798866653488190622531584.00 170141000918782798866653488190622531584.00 170141000918782798866653488190622531584.00 170141000918782798866653488190622531584.00 170141000918782798866653488190622531584.00 170141000918782798866653488190622531584.00 170141000918782798866653488190622531584.00 170141000918782798866653488190622531584.00 170141000918782798866653488190622531584.00 170141000918782798866653488190622531584.00 170141000918782798866653488190622531584.00 170141000918782798866653488190622531584.00 170141000918782798866653488190622531584.00 170141000918782798866653488190622531584.00
0.53 0.57 0.65 0.73 0.86 1.11 1.37 1.67 1.95 2.29 2.51 2.68 3.10 3.07 3.17 2.99 2.83 2.65 2.61 170141000918782798866653488190622531584.00 170141000918782798866653488190622531584.00 170141000918782798866653488190622531584.00 170141000918782798866653488190622531584.00 170141000918782798866653488190622531584.00 170141000918782798866653488190622531584.00 170141000918782798866653488190622531584.00 170141000918782798866653488190622531584.00 170141000918782798866653488190622531584.00 170141000918782798866653488190622531584.00 170141000918782798866653488190622531584.00 170141000918782798866653488190622531584.00
0.55 0.57 0.63 0.72 0.86 1.10 1.37 1.70 2.00 2.34 2.58 3.16 3.16 3.12 3.17 2.97 2.80 2.65 2.61 2.54 2.56 2.43 2.42 2.41 2.30 170141000918782798866653488190622531584.00 170141000918782798866653488190622531584.00 170141000918782798866653488190622531584.00 170141000918782798866653488190622531584.00 170141000918782798866653488190622531584.00 170141000918782798866653488190622531584.00
0.57 0.59 0.63 0.74 0.88 1.10 1.38 1.75 2.06 2.40 2.66 3.22 3.24 3.20 3.17 2.95 2.77 2.66 2.59 2.54 2.53 2.39 2.39 2.39 2.31 2.27 2.21 2.14 2.07 170141000918782798866653488190622531584.00 1.98
0.62 0.65 0.67 0.78 0.92 1.14 1.43 1.82 2.11 2.48 2.74 3.30 3.36 3.29 3.16 2.92 2.75 2.67 2.60 2.54 2.51 2.36 2.34 2.36 2.33 2.30 2.24 2.15 2.06 1.99 1.95
0.69 0.74 0.75 0.79 0.98 1.12 1.52 1.70 2.09 2.42 2.86 3.42 3.47 3.36 3.15 2.91 2.74 2.68 2.61 2.55 2.49 2.32 2.29 2.33 2.36 2.33 2.26 2.16 2.05 1.97 1.92
0.78 0.82 0.84 0.87 0.90 1.16 1.36 1.68 2.07 2.39 2.96 3.08 3.47 3.47 3.19 2.96 2.77 2.69 2.62 2.55 2.49 2.32 2.29 2.32 2.34 2.32 2.26 2.15 2.04 1.95 1.89
0.88 0.92 0.93 0.95 0.97 1.16 1.38 1.67 2.03 2.33 2.78 2.86 3.46 3.47 3.22 3.00 2.82 2.70 2.61 2.56 2.51 2.33 2.32 2.31 2.30 2.27 2.21 2.12 2.03 1.95 1.89
0.97 1.03 1.03 1.04 1.19 1.26 1.46 1.69 1.88 2.44 2.49 2.55 2.62 2.78 2.37 2.40 2.43 2.46 2.61 2.56 2.53 2.35 2.34 2.30 2.27 2.23 2.17 2.09 2.02 1.96 1.87
1.05 1.11 1.13 1.13 1.30 1.36 1.49 1.61 1.75 2.19 2.23 2.28 2.33 2.27 2.22 2.27 2.31 2.35 2.60 2.56 2.55 2.37 2.36 2.28 2.24 2.19 2.13 2.07 2.02 1.97 1.90
1.12 1.19 1.29 1.33 1.39 1.44 1.52 1.60 1.79 1.95 1.99 2.05 2.08 2.17 2.04 2.14 2.20 2.25 2.18 2.20 2.56 2.37 2.36 2.26 2.21 2.17 2.12 2.07 2.02 1.99 1.92
1.18 1.25 1.37 1.41 1.46 1.55 1.59 1.60 1.64 1.67 1.83 1.87 1.88 1.95 1.93 1.98 2.10 2.16 2.10 2.13 2.58 2.38 2.37 2.24 2.20 2.15 2.11 2.07 2.03 2.01 1.95
1.23 1.31 1.43 1.47 1.51 1.60 1.65 1.63 1.54 1.58 1.73 1.75 1.73 1.81 1.85 1.89 1.94 1.99 2.03 2.07 2.13 2.38 2.37 2.22 2.18 2.14 2.11 2.07 2.05 2.03 1.97
1.21 1.31 1.40 1.50 1.59 1.63 1.69 1.62 1.48 1.51 1.55 1.67 1.63 1.74 1.78 1.82 1.87 1.93 1.99 2.02 2.11 2.14 2.16 2.21 2.17 2.14 2.11 2.08 2.06 2.05 1.98
