t190005.grd
DSAA
125 95
0.0 124
0.0 94
-3.386940 3.474759 
[rows 42 to 55 of 95, columns 93 to 123 of 125]
-2.88 -2.83 -2.77 -2.43 -2.40 -2.36 -2.12 -2.02 -1.94 -1.82 -1.47 170141000918782798866653488190622531584.00 170141000918782798866653488190622531584.00 -1.38 -1.39 -1.37 -1.45 -1.33 -1.21 -1.02 170141000918782798866653488190622531584.00 170141000918782798866653488190622531584.00 170141000918782798866653488190622531584.00 170141000918782798866653488190622531584.00 170141000918782798866653488190622531584.00 170141000918782798866653488190622531584.00 170141000918782798866653488190622531584.00 170141000918782798866653488190622531584.00 170141000918782798866653488190622531584.00 170141000918782798866653488190622531584.00 170141000918782798866653488190622531584.00
-2.86 -2.82 -2.76 -2.39 -2.31 -2.26 -2.05 -2.38 -2.31 -2.22 170141000918782798866653488190622531584.00 170141000918782798866653488190622531584.00 170141000918782798866653488190622531584.00 -1.85 -1.73 -1.73 -1.70 -1.58 -1.42 -1.23 170141000918782798866653488190622531584.00 170141000918782798866653488190622531584.00 170141000918782798866653488190622531584.00 170141000918782798866653488190622531584.00 170141000918782798866653488190622531584.00 170141000918782798866653488190622531584.00 170141000918782798866653488190622531584.00 170141000918782798866653488190622531584.00 170141000918782798866653488190622531584.00 170141000918782798866653488190622531584.00 170141000918782798866653488190622531584.00
-2.84 -2.80 -2.73 -2.27 -2.25 -2.21 -2.44 -2.39 -2.33 -2.27 -2.08 -2.05 170141000918782798866653488190622531584.00 -1.97 -1.85 -1.84 -1.83 -1.70 170141000918782798866653488190622531584.00 170141000918782798866653488190622531584.00 170141000918782798866653488190622531584.00 170141000918782798866653488190622531584.00 170141000918782798866653488190622531584.00 170141000918782798866653488190622531584.00 170141000918782798866653488190622531584.00 170141000918782798866653488190622531584.00 170141000918782798866653488190622531584.00 170141000918782798866653488190622531584.00 170141000918782798866653488190622531584.00 170141000918782798866653488190622531584.00 170141000918782798866653488190622531584.00
-2.82 -2.99 -2.66 -2.67 -2.61 -2.47 -2.44 -2.41 -2.36 -2.32 -2.16 -2.14 170141000918782798866653488190622531584.00 170141000918782798866653488190622531584.00 170141000918782798866653488190622531584.00 170141000918782798866653488190622531584.00 -1.97 170141000918782798866653488190622531584.00 170141000918782798866653488190622531584.00 170141000918782798866653488190622531584.00 170141000918782798866653488190622531584.00 170141000918782798866653488190622531584.00 170141000918782798866653488190622531584.00 170141000918782798866653488190622531584.00 170141000918782798866653488190622531584.00 170141000918782798866653488190622531584.00 170141000918782798866653488190622531584.00 170141000918782798866653488190622531584.00 170141000918782798866653488190622531584.00 170141000918782798866653488190622531584.00 170141000918782798866653488190622531584.00
-2.45 -2.98 -2.12 -2.11 -2.61 -1.98 -2.45 -2.42 -2.40 -2.36 -2.23 -2.24 170141000918782798866653488190622531584.00 170141000918782798866653488190622531584.00 170141000918782798866653488190622531584.00 -2.13 -2.11 -1.98 170141000918782798866653488190622531584.00 170141000918782798866653488190622531584.00 170141000918782798866653488190622531584.00 170141000918782798866653488190622531584.00 170141000918782798866653488190622531584.00 170141000918782798866653488190622531584.00 170141000918782798866653488190622531584.00 170141000918782798866653488190622531584.00 170141000918782798866653488190622531584.00 170141000918782798866653488190622531584.00 170141000918782798866653488190622531584.00 170141000918782798866653488190622531584.00 170141000918782798866653488190622531584.00
-2.35 -2.02 -2.01 -2.00 -1.85 -1.85 -1.85 -1.86 -1.88 -1.78 -1.86 170141000918782798866653488190622531584.00 170141000918782798866653488190622531584.00 170141000918782798866653488190622531584.00 -2.29 -2.27 -2.26 -2.12 -1.95 170141000918782798866653488190622531584.00 170141000918782798866653488190622531584.00 170141000918782798866653488190622531584.00 170141000918782798866653488190622531584.00 170141000918782798866653488190622531584.00 170141000918782798866653488190622531584.00 170141000918782798866653488190622531584.00 170141000918782798866653488190622531584.00 170141000918782798866653488190622531584.00 170141000918782798866653488190622531584.00 170141000918782798866653488190622531584.00 170141000918782798866653488190622531584.00
-1.94 -1.92 -1.90 -1.87 -1.71 -1.70 -1.70 -1.71 -1.59 -1.67 -1.76 -1.86 170141000918782798866653488190622531584.00 170141000918782798866653488190622531584.00 -2.19 -2.29 -2.26 -2.19 -2.03 -1.86 170141000918782798866653488190622531584.00 170141000918782798866653488190622531584.00 170141000918782798866653488190622531584.00 170141000918782798866653488190622531584.00 170141000918782798866653488190622531584.00 170141000918782798866653488190622531584.00 170141000918782798866653488190622531584.00 170141000918782798866653488190622531584.00 170141000918782798866653488190622531584.00 170141000918782798866653488190622531584.00 170141000918782798866653488190622531584.00
-1.86 -1.82 -1.78 -1.58 -1.56 -1.54 -1.53 -1.53 -1.44 -1.52 -1.61 -1.72 170141000918782798866653488190622531584.00 -1.95 -2.08 -2.17 -2.18 -2.14 -2.07 -1.91 -1.75 -1.60 170141000918782798866653488190622531584.00 170141000918782798866653488190622531584.00 170141000918782798866653488190622531584.00 170141000918782798866653488190622531584.00 170141000918782798866653488190622531584.00 170141000918782798866653488190622531584.00 170141000918782798866653488190622531584.00 170141000918782798866653488190622531584.00 170141000918782798866653488190622531584.00
-1.77 -1.72 -1.66 -1.45 -1.40 -1.37 -1.35 -1.37 -1.27 -1.34 -1.43 -1.50 170141000918782798866653488190622531584.00 -1.77 -1.89 -1.98 -2.03 -2.03 -1.96 -1.89 -1.79 -1.69 -1.57 170141000918782798866653488190622531584.00 170141000918782798866653488190622531584.00 170141000918782798866653488190622531584.00 170141000918782798866653488190622531584.00 170141000918782798866653488190622531584.00 170141000918782798866653488190622531584.00 170141000918782798866653488190622531584.00 170141000918782798866653488190622531584.00
-1.69 -1.62 -1.54 -1.31 -1.25 -1.20 -1.19 -1.17 -1.07 -1.10 -1.18 -1.29 -1.41 -1.54 -1.67 -1.77 -1.84 -1.87 -1.85 -1.80 -1.74 -1.66 -1.57 -1.47 -1.37 170141000918782798866653488190622531584.00 170141000918782798866653488190622531584.00 170141000918782798866653488190622531584.00 170141000918782798866653488190622531584.00 170141000918782798866653488190622531584.00 170141000918782798866653488190622531584.00
-1.61 -1.52 -1.26 -1.18 -1.10 -1.06 -1.00 -0.86 -0.85 -0.89 -0.96 -1.05 -1.17 -1.30 -1.43 -1.54 -1.63 -1.69 -1.71 -1.69 -1.66 -1.60 -1.53 -1.46 -1.38 170141000918782798866653488190622531584.00 170141000918782798866653488190622531584.00 170141000918782798866653488190622531584.00 170141000918782798866653488190622531584.00 170141000918782798866653488190622531584.00 170141000918782798866653488190622531584.00
-1.54 -1.44 -1.15 -1.06 -0.99 -0.90 -0.82 -0.66 -0.65 -0.67 -0.73 -0.81 -0.92 -1.05 -1.18 -1.31 -1.41 -1.50 -1.55 -1.57 -1.56 -1.52 -1.48 -1.42 -1.36 170141000918782798866653488190622531584.00 170141000918782798866653488190622531584.00 170141000918782798866653488190622531584.00 170141000918782798866653488190622531584.00 170141000918782798866653488190622531584.00 170141000918782798866653488190622531584.00
-1.29 -1.19 -1.07 -0.98 -0.87 -0.71 -0.63 -0.49 -0.46 -0.47 -0.50 -0.58 -0.69 -0.81 -0.95 -1.09 -1.21 -1.31 -1.39 -1.43 -1.45 -1.44 -1.41 -1.37 -1.33 170141000918782798866653488190622531584.00 170141000918782798866653488190622531584.00 170141000918782798866653488190622531584.00 170141000918782798866653488190622531584.00 170141000918782798866653488190622531584.00 170141000918782798866653488190622531584.00
-1.00 -1.13 -1.01 -0.92 -0.71 -0.59 -0.49 -0.35 -0.30 -0.28 -0.30 -0.37 -0.47 -0.60 -0.74 170141000918782798866653488190622531584.00 -1.02 -1.14 -1.24 -1.30 -1.34 -1.35 -1.34 -1.33 170141000918782798866653488190622531584.00 170141000918782798866653488190622531584.00 170141000918782798866653488190622531584.00 170141000918782798866653488190622531584.00 170141000918782798866653488190622531584.00 170141000918782798866653488190622531584.00 170141000918782798866653488190622531584.00
