t190004.grd
DSAA
125 95
0.0 124
0.0 94
-2.138889 5.570905 
[rows 28 to 41 of 95, columns 31 to 61 of 125]
2.51 2.77 3.38 3.03 3.07 3.12 3.57 3.62 3.30 3.40 3.51 3.78 3.81 3.89 3.95 4.00 4.05 4.09 4.45 4.50 4.52 4.53 4.57 5.02 5.01 5.01 5.01 5.01 5.01 5.01 4.34
2.50 3.45 3.50 3.54 3.63 3.67 3.71 3.76 3.67 3.74 3.82 3.90 3.75 3.86 3.92 3.97 4.02 4.06 4.29 4.47 4.50 4.51 4.54 4.57 5.01 5.01 5.01 5.01 5.01 5.01 4.33
3.23 3.57 3.62 3.67 3.76 3.81 3.85 3.89 3.73 3.78 3.84 3.91 4.00 4.14 3.90 3.95 3.99 4.03 4.25 4.32 4.49 4.50 4.53 4.55 5.01 5.01 5.01 5.01 5.01 5.01 4.33
3.34 3.69 3.74 3.79 3.89 3.94 3.97 4.01 3.80 3.84 3.89 3.94 4.15 4.18 4.19 4.19 3.97 4.00 4.22 4.28 4.47 4.49 4.52 4.54 5.01 5.01 5.01 5.01 5.01 5.01 4.32
3.51 3.86 3.90 4.00 4.03 4.06 4.09 4.12 4.15 3.92 3.96 4.00 4.21 4.23 4.23 4.22 4.22 4.22 4.19 4.25 4.46 4.48 4.51 4.53 4.62 5.01 5.01 5.01 5.01 5.01 4.32
3.64 3.75 4.02 4.11 4.14 4.17 4.20 4.23 4.26 4.28 4.30 4.07 4.28 4.29 4.27 4.26 4.25 4.24 4.24 4.23 4.28 4.48 4.50 4.53 4.61 4.65 5.01 5.01 5.01 5.01 4.32
3.50 3.88 3.97 4.22 4.24 4.27 4.30 4.32 4.35 4.37 4.39 4.40 4.40 4.35 4.32 4.30 4.29 4.28 4.26 4.40 4.41 4.48 4.50 4.53 4.61 4.64 5.01 5.01 5.01 5.01 4.32
3.57 3.77 4.03 4.16 4.33 4.35 4.38 4.41 4.43 4.46 4.47 4.47 4.47 4.46 4.44 4.35 4.33 4.31 4.29 4.41 4.41 4.46 4.51 4.58 4.61 4.64 4.66 5.00 5.01 5.01 4.32
3.62 3.83 4.09 4.22 4.33 4.42 4.44 4.48 4.51 4.53 4.54 4.54 4.54 4.52 4.50 4.49 4.37 4.34 4.32 4.43 4.42 4.44 4.47 4.58 4.61 4.64 4.66 4.69 5.00 5.01 4.29
3.11 3.88 4.13 4.26 4.38 4.46 4.49 4.54 4.57 4.60 4.61 4.61 4.60 4.58 4.55 4.54 4.49 4.47 4.35 4.44 4.43 4.46 4.48 4.47 4.61 4.64 4.66 4.68 5.00 4.77 4.29
3.21 3.55 4.16 4.30 4.41 4.50 4.58 4.60 4.63 4.66 4.66 4.66 4.65 4.62 4.59 4.55 4.53 4.50 4.47 4.45 4.43 4.47 4.49 4.48 4.61 4.64 4.66 4.68 4.70 4.78 4.74
3.31 3.64 4.18 4.32 4.44 4.53 4.63 4.71 4.73 4.71 4.71 4.70 4.69 4.66 4.63 4.59 4.56 4.52 4.49 4.46 4.44 4.48 4.46 4.49 4.49 4.49 4.66 4.61 4.97 5.05 4.73
3.40 3.73 4.00 4.32 4.44 4.53 4.65 4.72 4.78 4.74 4.75 4.73 4.71 4.69 4.65 4.61 4.56 4.52 4.49 4.45 4.42 4.17 4.44 4.43 4.42 4.41 170141000918782798866653488190622531584.00 170141000918782798866653488190622531584.00 170141000918782798866653488190622531584.00 170141000918782798866653488190622531584.00 170141000918782798866653488190622531584.00
170141000918782798866653488190622531584.00 170141000918782798866653488190622531584.00 170141000918782798866653488190622531584.00 170141000918782798866653488190622531584.00 170141000918782798866653488190622531584.00 170141000918782798866653488190622531584.00 170141000918782798866653488190622531584.00 170141000918782798866653488190622531584.00 170141000918782798866653488190622531584.00 170141000918782798866653488190622531584.00 170141000918782798866653488190622531584.00 170141000918782798866653488190622531584.00 170141000918782798866653488190622531584.00 170141000918782798866653488190622531584.00 170141000918782798866653488190622531584.00 4.62 4.58 4.54 4.51 4.47 4.68 4.48 4.46 4.45 4.43 4.43 170141000918782798866653488190622531584.00 170141000918782798866653488190622531584.00 170141000918782798866653488190622531584.00 170141000918782798866653488190622531584.00 170141000918782798866653488190622531584.00
