t190002.grd
DSAA
125 95
0.0 124
0.0 94
-7.879174 1.982598 
[rows 14 to 27 of 95, columns 62 to 92 of 125]
170141000918782798866653488190622531584.00 170141000918782798866653488190622531584.00 170141000918782798866653488190622531584.00 170141000918782798866653488190622531584.00 170141000918782798866653488190622531584.00 170141000918782798866653488190622531584.00 170141000918782798866653488190622531584.00 170141000918782798866653488190622531584.00 170141000918782798866653488190622531584.00 170141000918782798866653488190622531584.00 170141000918782798866653488190622531584.00 170141000918782798866653488190622531584.00 170141000918782798866653488190622531584.00 170141000918782798866653488190622531584.00 170141000918782798866653488190622531584.00 170141000918782798866653488190622531584.00 170141000918782798866653488190622531584.00 170141000918782798866653488190622531584.00 170141000918782798866653488190622531584.00 170141000918782798866653488190622531584.00 170141000918782798866653488190622531584.00 170141000918782798866653488190622531584.00 170141000918782798866653488190622531584.00 -1.57 -1.66 -1.70 -1.98 -2.41 -2.58 -2.70 170141000918782798866653488190622531584.00
170141000918782798866653488190622531584.00 170141000918782798866653488190622531584.00 170141000918782798866653488190622531584.00 170141000918782798866653488190622531584.00 170141000918782798866653488190622531584.00 170141000918782798866653488190622531584.00 170141000918782798866653488190622531584.00 170141000918782798866653488190622531584.00 170141000918782798866653488190622531584.00 170141000918782798866653488190622531584.00 170141000918782798866653488190622531584.00 170141000918782798866653488190622531584.00 170141000918782798866653488190622531584.00 170141000918782798866653488190622531584.00 170141000918782798866653488190622531584.00 170141000918782798866653488190622531584.00 170141000918782798866653488190622531584.00 170141000918782798866653488190622531584.00 170141000918782798866653488190622531584.00 170141000918782798866653488190622531584.00 170141000918782798866653488190622531584.00 170141000918782798866653488190622531584.00 170141000918782798866653488190622531584.00 -1.38 -1.56 -1.55 -1.98 -2.19 -2.75 -2.75 -2.72
170141000918782798866653488190622531584.00 170141000918782798866653488190622531584.00 170141000918782798866653488190622531584.00 170141000918782798866653488190622531584.00 170141000918782798866653488190622531584.00 170141000918782798866653488190622531584.00 170141000918782798866653488190622531584.00 170141000918782798866653488190622531584.00 170141000918782798866653488190622531584.00 170141000918782798866653488190622531584.00 170141000918782798866653488190622531584.00 170141000918782798866653488190622531584.00 170141000918782798866653488190622531584.00 170141000918782798866653488190622531584.00 170141000918782798866653488190622531584.00 170141000918782798866653488190622531584.00 170141000918782798866653488190622531584.00 170141000918782798866653488190622531584.00 170141000918782798866653488190622531584.00 170141000918782798866653488190622531584.00 170141000918782798866653488190622531584.00 170141000918782798866653488190622531584.00 170141000918782798866653488190622531584.00 -1.19 -1.23 -1.24 -2.16 -2.23 -2.37 -2.62 -2.65
-6.57 -6.56 170141000918782798866653488190622531584.00 -6.49 -6.44 -6.39 170141000918782798866653488190622531584.00 170141000918782798866653488190622531584.00 170141000918782798866653488190622531584.00 170141000918782798866653488190622531584.00 170141000918782798866653488190622531584.00 170141000918782798866653488190622531584.00 170141000918782798866653488190622531584.00 170141000918782798866653488190622531584.00 170141000918782798866653488190622531584.00 170141000918782798866653488190622531584.00 170141000918782798866653488190622531584.00 170141000918782798866653488190622531584.00 170141000918782798866653488190622531584.00 170141000918782798866653488190622531584.00 170141000918782798866653488190622531584.00 170141000918782798866653488190622531584.00 -1.24 -1.21 -1.17 -0.97 -1.56 -1.98 -2.71 -2.70 170141000918782798866653488190622531584.00
-6.62 -6.60 -6.57 -6.52 -6.47 -6.41 -6.36 -6.31 -5.59 170141000918782798866653488190622531584.00 170141000918782798866653488190622531584.00 170141000918782798866653488190622531584.00 170141000918782798866653488190622531584.00 170141000918782798866653488190622531584.00 170141000918782798866653488190622531584.00 170141000918782798866653488190622531584.00 -3.39 -1.36 -1.36 -1.36 -1.35 -1.35 -1.34 -1.33 -1.12 -1.25 -1.38 -1.85 -2.48 -2.51 -2.29
-6.68 -6.65 -6.60 -6.55 -6.49 -6.43 -6.37 -6.14 -5.75 170141000918782798866653488190622531584.00 170141000918782798866653488190622531584.00 170141000918782798866653488190622531584.00 170141000918782798866653488190622531584.00 170141000918782798866653488190622531584.00 170141000918782798866653488190622531584.00 -3.74 -3.48 -1.41 -1.42 -1.42 -1.43 -1.44 -1.27 -1.23 -1.23 -1.14 -1.37 -1.54 -1.98 -2.09 -2.04
-6.72 -6.68 -6.63 -6.57 -6.51 -6.44 -6.38 -6.06 -5.68 -5.25 170141000918782798866653488190622531584.00 170141000918782798866653488190622531584.00 170141000918782798866653488190622531584.00 -4.30 -4.06 -3.81 -3.57 -1.46 -1.47 -1.35 -1.33 -1.31 -1.28 -1.30 -1.28 -1.18 -1.33 -1.43 -1.55 -1.65 -1.45
-6.73 -6.69 -6.64 -6.58 -6.52 -6.46 -6.08 -5.96 -5.60 -5.17 -4.94 -4.66 -4.31 -4.00 -3.75 -3.88 -3.64 -1.37 -1.36 -1.35 -1.33 -1.31 -1.32 -1.31 -1.27 -1.19 -1.34 -1.41 -0.96 -1.01 -1.03
-6.71 -6.69 -6.64 -6.59 -6.53 -6.47 -5.97 -5.85 -5.44 -5.18 -4.85 -4.57 -4.24 -3.93 -3.65 -3.40 -3.16 -1.37 -1.35 -1.34 -1.32 -1.34 -1.33 -1.31 -1.27 -1.33 -1.36 -0.87 -0.76 -0.79 -0.80
-6.69 -6.67 -6.63 -6.59 -6.54 -6.48 -5.86 -5.73 -5.32 -5.05 -4.76 -4.48 -4.21 -3.81 -3.57 -3.33 -3.06 -1.29 -1.26 -1.35 -1.35 -1.34 -1.33 -1.30 -1.27 -1.34 -0.79 -0.72 -0.58 -0.59 -0.86
-6.67 -6.65 -6.62 -6.58 -6.54 -5.86 -5.73 -5.60 -5.19 -4.93 -4.65 -4.38 -4.11 -3.70 -3.46 -3.22 -2.97 -1.25 -1.30 -1.31 -1.31 -1.34 -1.32 -1.30 -0.94 -0.74 -0.67 -0.63 -0.43 -0.78 -0.74
-6.65 -6.63 -6.61 -6.57 -6.53 -5.74 -5.61 -5.47 -5.05 -4.83 -4.56 -4.27 -3.97 -3.59 -3.35 -3.11 -2.87 -2.64 -1.30 -1.30 -1.30 -1.30 -1.32 -0.98 -0.88 -0.63 -0.56 -0.57 -0.50 -0.53 -0.79
-6.63 -6.62 -6.59 -6.57 -5.73 -5.61 -5.48 -5.34 -4.92 -4.70 -4.45 -4.12 -3.85 -3.46 -3.22 -2.99 -2.76 -2.64 -1.30 -1.30 -1.29 -1.29 -1.02 -0.93 -0.61 -0.54 -0.83 -0.47 -0.49 -0.77 -0.40
-6.61 -6.60 -6.58 -6.56 -5.61 -5.48 -5.35 -5.22 -4.79 -4.58 -4.32 -3.99 -3.75 -3.32 -3.09 -2.96 -2.75 -2.54 -1.29 -1.29 -1.28 -1.05 -0.96 -0.87 -0.77 -0.89 -0.83 -0.46 -0.76 -0.28 -0.36
