t190003.grd
DSAA
125 95
0.0 124
0.0 94
-6.920565 3.535970 
[rows 26 to 38 of 95, columns 0 to 30 of 125]
170141000918782798866653488190622531584.00 170141000918782798866653488190622531584.00 170141000918782798866653488190622531584.00 170141000918782798866653488190622531584.00 170141000918782798866653488190622531584.00 170141000918782798866653488190622531584.00 170141000918782798866653488190622531584.00 170141000918782798866653488190622531584.00 170141000918782798866653488190622531584.00 170141000918782798866653488190622531584.00 170141000918782798866653488190622531584.00 -0.66 -0.73 -1.07 -1.17 -1.25 -1.30 -1.31 -1.49 -1.53 -1.68 -0.76 0.48 0.71 0.73 0.74 0.50 -0.50 -0.69 -1.07 -1.47
170141000918782798866653488190622531584.00 170141000918782798866653488190622531584.00 170141000918782798866653488190622531584.00 170141000918782798866653488190622531584.00 170141000918782798866653488190622531584.00 170141000918782798866653488190622531584.00 170141000918782798866653488190622531584.00 170141000918782798866653488190622531584.00 -0.97 -1.02 170141000918782798866653488190622531584.00 -1.46 -1.62 -1.81 -2.01 -2.23 -2.44 -2.66 -2.98 -3.12 -3.26 -2.18 -0.74 -0.49 -0.38 0.56 -0.42 -0.67 -0.77 -1.13 -1.50
170141000918782798866653488190622531584.00 170141000918782798866653488190622531584.00 170141000918782798866653488190622531584.00 170141000918782798866653488190622531584.00 170141000918782798866653488190622531584.00 170141000918782798866653488190622531584.00 170141000918782798866653488190622531584.00 -1.24 -1.31 -1.66 170141000918782798866653488190622531584.00 -2.01 -2.24 -2.51 -2.81 -3.16 -3.52 -3.89 -4.30 -4.35 -4.04 -3.18 -2.18 -1.58 -1.24 -1.07 -1.50 -0.83 -1.09 -1.13 -1.46
170141000918782798866653488190622531584.00 170141000918782798866653488190622531584.00 170141000918782798866653488190622531584.00 170141000918782798866653488190622531584.00 170141000918782798866653488190622531584.00 170141000918782798866653488190622531584.00 170141000918782798866653488190622531584.00 -1.75 -1.89 -2.05 -2.26 -2.50 -2.79 -3.13 -3.52 -3.96 -4.46 -4.97 -5.43 -5.53 -5.01 -4.14 -3.25 -2.56 -2.07 -1.74 -2.03 -2.08 -1.19 -1.42 -1.39
170141000918782798866653488190622531584.00 170141000918782798866653488190622531584.00 170141000918782798866653488190622531584.00 170141000918782798866653488190622531584.00 170141000918782798866653488190622531584.00 170141000918782798866653488190622531584.00 170141000918782798866653488190622531584.00 -2.02 -2.20 -2.40 -2.65 -2.93 -3.27 -3.65 -4.10 -4.60 -5.16 -5.79 -6.45 -6.76 -5.87 -4.93 -4.05 -3.32 -2.77 -3.01 -2.54 -2.49 -2.52 -1.45 -1.83
170141000918782798866653488190622531584.00 170141000918782798866653488190622531584.00 170141000918782798866653488190622531584.00 170141000918782798866653488190622531584.00 170141000918782798866653488190622531584.00 170141000918782798866653488190622531584.00 170141000918782798866653488190622531584.00 -2.27 -2.47 -2.70 -2.97 -3.28 -3.64 -4.05 -4.51 -5.02 -5.59 -6.18 -6.76 -6.92 -6.24 -5.39 -4.58 -3.88 -3.86 -3.53 -3.30 -2.87 -2.82 -1.93 -2.12
170141000918782798866653488190622531584.00 170141000918782798866653488190622531584.00 170141000918782798866653488190622531584.00 170141000918782798866653488190622531584.00 170141000918782798866653488190622531584.00 170141000918782798866653488190622531584.00 170141000918782798866653488190622531584.00 -2.47 -2.69 -2.94 -3.23 -3.55 -3.92 -4.32 -4.77 -5.25 -5.75 -6.22 -6.57 -6.59 -6.18 -5.54 -4.87 -4.23 -4.28 -3.92 -3.66 -3.29 -3.19 -3.14 -2.27
170141000918782798866653488190622531584.00 170141000918782798866653488190622531584.00 170141000918782798866653488190622531584.00 170141000918782798866653488190622531584.00 170141000918782798866653488190622531584.00 170141000918782798866653488190622531584.00 170141000918782798866653488190622531584.00 -2.64 -2.87 -3.13 -3.41 -3.74 -4.10 -4.48 -4.90 -5.32 -5.73 -6.09 -6.30 -6.28 -5.98 -5.51 -4.97 -4.96 -4.55 -4.20 -3.48 -3.55 -3.42 -3.11 -3.07
170141000918782798866653488190622531584.00 170141000918782798866653488190622531584.00 170141000918782798866653488190622531584.00 170141000918782798866653488190622531584.00 170141000918782798866653488190622531584.00 170141000918782798866653488190622531584.00 170141000918782798866653488190622531584.00 -2.77 -3.00 170141000918782798866653488190622531584.00 -3.54 -3.85 -4.19 -4.55 -4.92 -5.28 -5.61 -5.88 -6.02 -6.49 -6.27 -5.94 -5.53 -5.10 -4.19 -3.94 -3.66 -3.24 -3.32 -3.22 -3.16
170141000918782798866653488190622531584.00 170141000918782798866653488190622531584.00 170141000918782798866653488190622531584.00 170141000918782798866653488190622531584.00 170141000918782798866653488190622531584.00 170141000918782798866653488190622531584.00 170141000918782798866653488190622531584.00 170141000918782798866653488190622531584.00 170141000918782798866653488190622531584.00 170141000918782798866653488190622531584.00 170141000918782798866653488190622531584.00 170141000918782798866653488190622531584.00 -4.22 -4.54 -4.86 -5.17 -5.44 -5.63 -6.35 -6.30 -6.13 -5.87 -5.54 -4.88 -4.47 -4.10 -3.77 -3.60 -3.42 -4.18 -2.44
170141000918782798866653488190622531584.00 170141000918782798866653488190622531584.00 170141000918782798866653488190622531584.00 170141000918782798866653488190622531584.00 170141000918782798866653488190622531584.00 170141000918782798866653488190622531584.00 170141000918782798866653488190622531584.00 170141000918782798866653488190622531584.00 170141000918782798866653488190622531584.00 170141000918782798866653488190622531584.00 170141000918782798866653488190622531584.00 170141000918782798866653488190622531584.00 -4.20 -4.48 -4.76 -5.01 -6.01 -6.12 -6.16 -6.11 -5.98 -5.64 -5.30 -4.93 -4.57 -4.22 -3.99 -3.73 -3.51 -4.11 -3.90
170141000918782798866653488190622531584.00 170141000918782798866653488190622531584.00 170141000918782798866653488190622531584.00 170141000918782798866653488190622531584.00 170141000918782798866653488190622531584.00 170141000918782798866653488190622531584.00 170141000918782798866653488190622531584.00 170141000918782798866653488190622531584.00 170141000918782798866653488190622531584.00 170141000918782798866653488190622531584.00 170141000918782798866653488190622531584.00 -3.88 -4.13 -4.38 -4.62 -5.71 -5.85 -5.94 -5.97 -5.94 -5.83 -5.57 -5.27 -4.95 -4.63 -4.36 -4.08 -3.82 -3.59 -4.01 -3.81
170141000918782798866653488190622531584.00 170141000918782798866653488190622531584.00 170141000918782798866653488190622531584.00 170141000918782798866653488190622531584.00 170141000918782798866653488190622531584.00 170141000918782798866653488190622531584.00 170141000918782798866653488190622531584.00 170141000918782798866653488190622531584.00 170141000918782798866653488190622531584.00 170141000918782798866653488190622531584.00 170141000918782798866653488190622531584.00 -3.81 -4.92 -5.12 -5.42 -5.57 -5.69 -5.76 -6.04 -5.90 -5.72 -5.49 -5.23 -4.95 -4.66 -4.40 -4.13 -3.88 -3.64 -3.91 -3.70
