t190012.grd
DSAA
125 95
0.0 124
0.0 94
-3.282257 7.280182 
[rows 39 to 51 of 95, columns 93 to 123 of 125]
-1.28 -1.30 -1.33 -1.39 -1.48 -1.64 -1.85 -2.12 -2.37 -2.61 -2.84 -2.59 -2.23 -1.80 -1.41 -1.45 -1.48 -1.42 -1.27 -1.18 170141000918782798866653488190622531584.00 170141000918782798866653488190622531584.00 170141000918782798866653488190622531584.00 170141000918782798866653488190622531584.00 170141000918782798866653488190622531584.00 170141000918782798866653488190622531584.00 170141000918782798866653488190622531584.00 170141000918782798866653488190622531584.00 170141000918782798866653488190622531584.00 170141000918782798866653488190622531584.00 170141000918782798866653488190622531584.00
-1.32 -1.35 -1.39 -1.46 -1.56 -1.69 -1.87 -2.09 -2.02 -2.14 -2.61 -2.39 -2.07 170141000918782798866653488190622531584.00 -1.41 -1.33 -1.32 -1.34 -1.21 -1.13 170141000918782798866653488190622531584.00 170141000918782798866653488190622531584.00 170141000918782798866653488190622531584.00 170141000918782798866653488190622531584.00 170141000918782798866653488190622531584.00 170141000918782798866653488190622531584.00 170141000918782798866653488190622531584.00 170141000918782798866653488190622531584.00 170141000918782798866653488190622531584.00 170141000918782798866653488190622531584.00 170141000918782798866653488190622531584.00
-1.37 -1.40 -1.45 -1.53 -1.61 -1.73 -1.87 -1.79 -1.88 -1.95 -2.45 170141000918782798866653488190622531584.00 170141000918782798866653488190622531584.00 170141000918782798866653488190622531584.00 -1.35 -1.34 -1.26 -1.20 -1.16 -1.10 170141000918782798866653488190622531584.00 170141000918782798866653488190622531584.00 170141000918782798866653488190622531584.00 170141000918782798866653488190622531584.00 170141000918782798866653488190622531584.00 170141000918782798866653488190622531584.00 170141000918782798866653488190622531584.00 170141000918782798866653488190622531584.00 170141000918782798866653488190622531584.00 170141000918782798866653488190622531584.00 170141000918782798866653488190622531584.00
-1.42 -1.46 -1.51 -1.56 -1.65 -1.75 -1.63 -1.72 -1.76 -1.81 -2.33 170141000918782798866653488190622531584.00 170141000918782798866653488190622531584.00 -1.69 -1.54 -1.32 -1.28 -1.16 -1.12 -1.07 170141000918782798866653488190622531584.00 170141000918782798866653488190622531584.00 170141000918782798866653488190622531584.00 170141000918782798866653488190622531584.00 170141000918782798866653488190622531584.00 170141000918782798866653488190622531584.00 170141000918782798866653488190622531584.00 170141000918782798866653488190622531584.00 170141000918782798866653488190622531584.00 170141000918782798866653488190622531584.00 170141000918782798866653488190622531584.00
-1.46 -1.50 -1.53 -1.60 -1.47 -1.54 -1.60 -1.95 -2.02 -2.07 170141000918782798866653488190622531584.00 170141000918782798866653488190622531584.00 170141000918782798866653488190622531584.00 -1.99 -1.70 -1.61 -1.51 -1.34 -1.23 -1.22 170141000918782798866653488190622531584.00 170141000918782798866653488190622531584.00 170141000918782798866653488190622531584.00 170141000918782798866653488190622531584.00 170141000918782798866653488190622531584.00 170141000918782798866653488190622531584.00 170141000918782798866653488190622531584.00 170141000918782798866653488190622531584.00 170141000918782798866653488190622531584.00 170141000918782798866653488190622531584.00 170141000918782798866653488190622531584.00
-1.50 -1.52 -1.57 -1.42 -1.47 -1.52 -1.90 -1.96 -2.02 -2.06 -2.42 -2.32 170141000918782798866653488190622531584.00 -2.07 -1.81 -1.73 -1.59 -1.49 170141000918782798866653488190622531584.00 170141000918782798866653488190622531584.00 170141000918782798866653488190622531584.00 170141000918782798866653488190622531584.00 170141000918782798866653488190622531584.00 170141000918782798866653488190622531584.00 170141000918782798866653488190622531584.00 170141000918782798866653488190622531584.00 170141000918782798866653488190622531584.00 170141000918782798866653488190622531584.00 170141000918782798866653488190622531584.00 170141000918782798866653488190622531584.00 170141000918782798866653488190622531584.00
-1.52 -1.68 -1.74 -1.80 -1.80 -1.86 -1.92 -1.98 -2.03 -2.07 -2.43 -2.35 170141000918782798866653488190622531584.00 170141000918782798866653488190622531584.00 170141000918782798866653488190622531584.00 170141000918782798866653488190622531584.00 -1.75 170141000918782798866653488190622531584.00 170141000918782798866653488190622531584.00 170141000918782798866653488190622531584.00 170141000918782798866653488190622531584.00 170141000918782798866653488190622531584.00 170141000918782798866653488190622531584.00 170141000918782798866653488190622531584.00 170141000918782798866653488190622531584.00 170141000918782798866653488190622531584.00 170141000918782798866653488190622531584.00 170141000918782798866653488190622531584.00 170141000918782798866653488190622531584.00 170141000918782798866653488190622531584.00 170141000918782798866653488190622531584.00
-1.59 -1.63 -1.68 -1.74 -1.83 -1.80 -1.94 -2.00 -2.05 -2.05 -2.45 -2.39 170141000918782798866653488190622531584.00 170141000918782798866653488190622531584.00 170141000918782798866653488190622531584.00 -2.04 -1.91 -1.81 170141000918782798866653488190622531584.00 170141000918782798866653488190622531584.00 170141000918782798866653488190622531584.00 170141000918782798866653488190622531584.00 170141000918782798866653488190622531584.00 170141000918782798866653488190622531584.00 170141000918782798866653488190622531584.00 170141000918782798866653488190622531584.00 170141000918782798866653488190622531584.00 170141000918782798866653488190622531584.00 170141000918782798866653488190622531584.00 170141000918782798866653488190622531584.00 170141000918782798866653488190622531584.00
-1.61 -1.65 -1.70 -1.76 -1.78 -1.82 -1.87 -1.92 -1.97 -2.33 -2.31 170141000918782798866653488190622531584.00 170141000918782798866653488190622531584.00 170141000918782798866653488190622531584.00 -2.23 -2.24 -2.18 -2.11 -2.04 170141000918782798866653488190622531584.00 170141000918782798866653488190622531584.00 170141000918782798866653488190622531584.00 170141000918782798866653488190622531584.00 170141000918782798866653488190622531584.00 170141000918782798866653488190622531584.00 170141000918782798866653488190622531584.00 170141000918782798866653488190622531584.00 170141000918782798866653488190622531584.00 170141000918782798866653488190622531584.00 170141000918782798866653488190622531584.00 170141000918782798866653488190622531584.00
-1.64 -1.68 -1.72 -1.77 -1.80 -1.84 -1.89 -1.94 -2.34 -2.33 -2.31 -2.30 170141000918782798866653488190622531584.00 170141000918782798866653488190622531584.00 -2.27 -2.35 -2.29 -2.27 -2.20 -2.14 170141000918782798866653488190622531584.00 170141000918782798866653488190622531584.00 170141000918782798866653488190622531584.00 170141000918782798866653488190622531584.00 170141000918782798866653488190622531584.00 170141000918782798866653488190622531584.00 170141000918782798866653488190622531584.00 170141000918782798866653488190622531584.00 170141000918782798866653488190622531584.00 170141000918782798866653488190622531584.00 170141000918782798866653488190622531584.00
-1.66 -1.70 -1.74 -1.77 -1.81 -1.86 -1.90 -1.95 -2.32 -2.31 -2.31 -2.30 170141000918782798866653488190622531584.00 -2.24 -2.32 -2.38 -2.37 -2.34 -2.33 -2.28 -2.24 -2.20 170141000918782798866653488190622531584.00 170141000918782798866653488190622531584.00 170141000918782798866653488190622531584.00 170141000918782798866653488190622531584.00 170141000918782798866653488190622531584.00 170141000918782798866653488190622531584.00 170141000918782798866653488190622531584.00 170141000918782798866653488190622531584.00 170141000918782798866653488190622531584.00
-1.68 -1.71 -1.75 -1.79 -1.83 -1.87 -1.91 -2.00 -2.30 -2.29 -2.29 -2.13 170141000918782798866653488190622531584.00 -2.27 -2.34 -2.39 -2.40 -2.40 -2.35 -2.33 -2.31 -2.30 -2.28 170141000918782798866653488190622531584.00 170141000918782798866653488190622531584.00 170141000918782798866653488190622531584.00 170141000918782798866653488190622531584.00 170141000918782798866653488190622531584.00 170141000918782798866653488190622531584.00 170141000918782798866653488190622531584.00 170141000918782798866653488190622531584.00
-1.69 -1.72 -1.76 -1.80 -1.84 -1.88 -1.95 -2.00 -2.27 -2.03 -2.09 -2.15 -2.22 -2.28 -2.34 -2.39 -2.42 -2.44 -2.42 -2.41 -2.41 -2.40 -2.39 -2.37 -2.34 170141000918782798866653488190622531584.00 170141000918782798866653488190622531584.00 170141000918782798866653488190622531584.00 170141000918782798866653488190622531584.00 170141000918782798866653488190622531584.00 170141000918782798866653488190622531584.00
