t190010.grd
DSAA
125 95
0.0 124
0.0 94
-4.564341 4.592842 
[rows 28 to 41 of 95, columns 62 to 92 of 125]
3.02 3.10 3.18 3.03 3.06 3.09 3.11 3.12 3.12 3.10 3.10 3.04 3.00 2.99 2.95 2.91 2.89 2.83 2.81 2.81 2.85 3.01 3.09 3.17 3.15 3.31 3.32 3.26 3.13 2.99 2.69
3.01 3.09 3.16 2.98 3.01 3.03 3.04 3.05 3.04 3.03 3.03 2.98 2.93 2.91 2.87 2.83 2.80 2.75 2.72 2.76 2.90 2.97 3.06 3.06 3.14 3.09 3.22 3.16 3.05 2.91 2.75
3.01 3.07 2.90 2.93 2.96 2.97 2.98 2.98 2.98 2.96 2.97 2.92 2.88 2.85 2.80 2.76 2.72 2.69 2.68 2.79 2.87 2.95 3.02 2.93 3.03 3.03 3.07 3.12 3.01 2.88 2.64
3.00 3.06 2.86 2.89 2.91 2.92 2.93 2.93 2.91 2.89 2.92 2.88 2.83 2.74 2.75 2.70 2.65 2.62 2.69 2.76 2.78 2.81 2.86 2.94 3.01 3.03 3.05 3.11 3.00 2.88 2.67
2.99 2.80 2.83 2.85 2.86 2.87 2.88 2.87 2.86 2.84 2.87 2.84 2.80 2.70 2.72 2.67 2.63 2.60 2.64 2.69 2.74 2.79 2.88 2.95 2.98 3.00 2.93 3.17 3.07 2.55 2.49
2.98 2.78 2.80 2.81 2.83 2.83 2.83 2.82 2.81 2.79 2.86 2.82 2.78 2.67 2.71 2.66 2.63 2.61 2.64 2.69 2.73 2.81 2.87 2.92 2.95 2.98 2.79 3.07 2.96 2.58 2.52
2.74 2.76 2.77 2.78 2.79 2.80 2.79 2.78 2.77 2.86 2.83 2.80 2.76 2.66 2.70 2.67 170141000918782798866653488190622531584.00 2.61 2.65 2.69 2.74 2.80 2.83 2.88 2.84 2.75 2.75 2.72 2.63 2.57 2.51
2.72 2.73 2.75 2.76 2.76 2.76 2.75 2.74 2.87 2.84 2.81 2.78 2.75 2.74 2.71 2.68 170141000918782798866653488190622531584.00 2.62 2.66 2.69 2.72 2.68 2.72 2.75 2.70 2.70 2.69 2.66 2.59 2.52 2.46
2.70 2.72 2.73 2.73 2.74 2.72 2.72 2.88 2.85 2.82 2.80 2.77 2.79 170141000918782798866653488190622531584.00 2.72 2.69 2.68 2.64 2.54 2.57 2.61 2.64 2.67 2.65 2.65 2.65 2.63 2.59 2.53 2.46 2.38
2.69 2.70 2.71 2.68 2.69 2.92 2.90 2.86 2.84 2.81 2.79 2.82 170141000918782798866653488190622531584.00 170141000918782798866653488190622531584.00 170141000918782798866653488190622531584.00 2.71 2.70 2.50 2.52 2.54 2.57 2.59 2.60 2.60 2.60 2.59 2.56 2.52 2.49 2.43 2.35
2.68 2.65 2.66 2.95 2.93 2.91 2.89 170141000918782798866653488190622531584.00 2.83 2.89 2.85 2.82 170141000918782798866653488190622531584.00 170141000918782798866653488190622531584.00 2.72 2.71 2.49 2.47 2.49 2.51 2.53 2.55 2.55 2.55 2.54 2.52 2.49 2.44 2.38 2.36 2.31
2.89 2.88 170141000918782798866653488190622531584.00 170141000918782798866653488190622531584.00 170141000918782798866653488190622531584.00 170141000918782798866653488190622531584.00 170141000918782798866653488190622531584.00 170141000918782798866653488190622531584.00 170141000918782798866653488190622531584.00 170141000918782798866653488190622531584.00 2.85 170141000918782798866653488190622531584.00 170141000918782798866653488190622531584.00 170141000918782798866653488190622531584.00 2.63 2.64 2.45 2.49 2.46 2.47 2.48 2.51 2.51 2.50 2.48 2.46 2.42 2.37 2.34 2.34 2.25
170141000918782798866653488190622531584.00 170141000918782798866653488190622531584.00 170141000918782798866653488190622531584.00 170141000918782798866653488190622531584.00 170141000918782798866653488190622531584.00 170141000918782798866653488190622531584.00 170141000918782798866653488190622531584.00 170141000918782798866653488190622531584.00 170141000918782798866653488190622531584.00 170141000918782798866653488190622531584.00 170141000918782798866653488190622531584.00 170141000918782798866653488190622531584.00 170141000918782798866653488190622531584.00 170141000918782798866653488190622531584.00 2.64 2.65 2.43 2.46 2.47 2.48 2.47 2.47 2.46 2.45 2.43 2.40 2.36 2.30 2.29 2.28 2.20
170141000918782798866653488190622531584.00 170141000918782798866653488190622531584.00 170141000918782798866653488190622531584.00 170141000918782798866653488190622531584.00 170141000918782798866653488190622531584.00 170141000918782798866653488190622531584.00 170141000918782798866653488190622531584.00 170141000918782798866653488190622531584.00 170141000918782798866653488190622531584.00 170141000918782798866653488190622531584.00 170141000918782798866653488190622531584.00 170141000918782798866653488190622531584.00 170141000918782798866653488190622531584.00 170141000918782798866653488190622531584.00 2.64 2.66 2.41 2.41 2.44 2.44 2.44 2.43 2.42 2.40 2.38 2.34 2.30 2.24 2.24 2.24 2.16
