t190004.grd
DSAA
125 95
0.0 124
0.0 94
-2.138889 5.570905 
[rows 42 to 55 of 95, columns 93 to 123 of 125]
-0.66 -0.68 -0.69 -0.64 -0.64 -0.63 -0.68 -0.63 -0.58 -0.52 -0.36 170141000918782798866653488190622531584.00 170141000918782798866653488190622531584.00 -0.20 -0.18 -0.08 -0.09 -0.01 0.06 0.14 170141000918782798866653488190622531584.00 170141000918782798866653488190622531584.00 170141000918782798866653488190622531584.00 170141000918782798866653488190622531584.00 170141000918782798866653488190622531584.00 170141000918782798866653488190622531584.00 170141000918782798866653488190622531584.00 170141000918782798866653488190622531584.00 170141000918782798866653488190622531584.00 170141000918782798866653488190622531584.00 170141000918782798866653488190622531584.00
-0.68 -0.70 -0.70 -0.66 -0.66 -0.64 -0.68 -1.26 -1.24 -1.23 170141000918782798866653488190622531584.00 170141000918782798866653488190622531584.00 170141000918782798866653488190622531584.00 -0.92 -0.82 -0.76 -0.75 -0.53 -0.39 -0.30 170141000918782798866653488190622531584.00 170141000918782798866653488190622531584.00 170141000918782798866653488190622531584.00 170141000918782798866653488190622531584.00 170141000918782798866653488190622531584.00 170141000918782798866653488190622531584.00 170141000918782798866653488190622531584.00 170141000918782798866653488190622531584.00 170141000918782798866653488190622531584.00 170141000918782798866653488190622531584.00 170141000918782798866653488190622531584.00
-0.70 -0.72 -0.71 -0.67 -0.67 -0.65 -1.37 -1.36 -1.36 -1.35 -1.21 -1.18 170141000918782798866653488190622531584.00 -1.09 -0.99 -0.94 -0.85 -0.72 170141000918782798866653488190622531584.00 170141000918782798866653488190622531584.00 170141000918782798866653488190622531584.00 170141000918782798866653488190622531584.00 170141000918782798866653488190622531584.00 170141000918782798866653488190622531584.00 170141000918782798866653488190622531584.00 170141000918782798866653488190622531584.00 170141000918782798866653488190622531584.00 170141000918782798866653488190622531584.00 170141000918782798866653488190622531584.00 170141000918782798866653488190622531584.00 170141000918782798866653488190622531584.00
-0.71 -1.17 -1.27 -1.31 -1.34 -1.44 -1.45 -1.46 -1.46 -1.47 -1.34 -1.33 170141000918782798866653488190622531584.00 170141000918782798866653488190622531584.00 170141000918782798866653488190622531584.00 170141000918782798866653488190622531584.00 -1.04 170141000918782798866653488190622531584.00 170141000918782798866653488190622531584.00 170141000918782798866653488190622531584.00 170141000918782798866653488190622531584.00 170141000918782798866653488190622531584.00 170141000918782798866653488190622531584.00 170141000918782798866653488190622531584.00 170141000918782798866653488190622531584.00 170141000918782798866653488190622531584.00 170141000918782798866653488190622531584.00 170141000918782798866653488190622531584.00 170141000918782798866653488190622531584.00 170141000918782798866653488190622531584.00 170141000918782798866653488190622531584.00
-0.72 -1.22 -0.98 -1.03 -1.41 -1.19 -1.53 -1.54 -1.56 -1.53 -1.46 -1.47 170141000918782798866653488190622531584.00 170141000918782798866653488190622531584.00 170141000918782798866653488190622531584.00 -1.34 -1.24 -1.10 170141000918782798866653488190622531584.00 170141000918782798866653488190622531584.00 170141000918782798866653488190622531584.00 170141000918782798866653488190622531584.00 170141000918782798866653488190622531584.00 170141000918782798866653488190622531584.00 170141000918782798866653488190622531584.00 170141000918782798866653488190622531584.00 170141000918782798866653488190622531584.00 170141000918782798866653488190622531584.00 170141000918782798866653488190622531584.00 170141000918782798866653488190622531584.00 170141000918782798866653488190622531584.00
-0.72 -0.95 -0.99 -1.03 -1.16 -1.18 -1.21 -1.25 -1.28 -1.26 -1.30 170141000918782798866653488190622531584.00 170141000918782798866653488190622531584.00 170141000918782798866653488190622531584.00 -1.56 -1.41 -1.22 -1.01 -0.79 170141000918782798866653488190622531584.00 170141000918782798866653488190622531584.00 170141000918782798866653488190622531584.00 170141000918782798866653488190622531584.00 170141000918782798866653488190622531584.00 170141000918782798866653488190622531584.00 170141000918782798866653488190622531584.00 170141000918782798866653488190622531584.00 170141000918782798866653488190622531584.00 170141000918782798866653488190622531584.00 170141000918782798866653488190622531584.00 170141000918782798866653488190622531584.00
-0.91 -0.94 -0.98 -1.02 -1.14 -1.17 -1.20 -1.24 -1.24 -1.28 -1.32 -1.37 170141000918782798866653488190622531584.00 170141000918782798866653488190622531584.00 -1.44 -1.47 -1.25 -1.09 -0.86 -0.65 170141000918782798866653488190622531584.00 170141000918782798866653488190622531584.00 170141000918782798866653488190622531584.00 170141000918782798866653488190622531584.00 170141000918782798866653488190622531584.00 170141000918782798866653488190622531584.00 170141000918782798866653488190622531584.00 170141000918782798866653488190622531584.00 170141000918782798866653488190622531584.00 170141000918782798866653488190622531584.00 170141000918782798866653488190622531584.00
-0.90 -0.93 -0.96 -1.09 -1.12 -1.15 -1.18 -1.22 -1.24 -1.28 -1.33 -1.38 170141000918782798866653488190622531584.00 -1.39 -1.41 -1.37 -1.23 -1.04 -0.88 -0.67 -0.47 -0.29 170141000918782798866653488190622531584.00 170141000918782798866653488190622531584.00 170141000918782798866653488190622531584.00 170141000918782798866653488190622531584.00 170141000918782798866653488190622531584.00 170141000918782798866653488190622531584.00 170141000918782798866653488190622531584.00 170141000918782798866653488190622531584.00 170141000918782798866653488190622531584.00
-0.88 -0.91 -0.94 -1.05 -1.08 -1.11 -1.15 -1.21 -1.22 -1.27 -1.32 -1.31 170141000918782798866653488190622531584.00 -1.33 -1.32 -1.26 -1.14 -0.99 -0.78 -0.60 -0.42 -0.26 -0.11 170141000918782798866653488190622531584.00 170141000918782798866653488190622531584.00 170141000918782798866653488190622531584.00 170141000918782798866653488190622531584.00 170141000918782798866653488190622531584.00 170141000918782798866653488190622531584.00 170141000918782798866653488190622531584.00 170141000918782798866653488190622531584.00
-0.86 -0.88 -0.91 -1.01 -1.04 -1.07 -1.13 -1.17 -1.18 -1.21 -1.24 -1.26 -1.26 -1.25 -1.22 -1.15 -1.04 -0.90 -0.71 -0.54 -0.37 -0.21 -0.07 0.05 0.14 170141000918782798866653488190622531584.00 170141000918782798866653488190622531584.00 170141000918782798866653488190622531584.00 170141000918782798866653488190622531584.00 170141000918782798866653488190622531584.00 170141000918782798866653488190622531584.00
-0.83 -0.85 -0.94 -0.96 -0.99 -1.05 -1.08 -1.09 -1.13 -1.16 -1.18 -1.18 -1.18 -1.15 -1.11 -1.04 -0.93 -0.81 -0.63 -0.46 -0.30 -0.14 -0.00 0.10 0.18 170141000918782798866653488190622531584.00 170141000918782798866653488190622531584.00 170141000918782798866653488190622531584.00 170141000918782798866653488190622531584.00 170141000918782798866653488190622531584.00 170141000918782798866653488190622531584.00
-0.80 -0.81 -0.90 -0.91 -0.97 -1.00 -1.02 -1.04 -1.07 -1.09 -1.10 -1.10 -1.09 -1.05 -1.00 -0.93 -0.83 -0.71 -0.54 -0.38 -0.22 -0.06 0.08 0.17 0.23 170141000918782798866653488190622531584.00 170141000918782798866653488190622531584.00 170141000918782798866653488190622531584.00 170141000918782798866653488190622531584.00 170141000918782798866653488190622531584.00 170141000918782798866653488190622531584.00
-0.87 -0.86 -0.85 -0.90 -0.91 -0.96 -0.98 -0.98 -1.00 -1.01 -1.02 -1.01 -0.99 -0.95 -0.89 -0.82 -0.72 -0.61 -0.45 -0.30 -0.14 0.02 0.19 0.24 0.26 170141000918782798866653488190622531584.00 170141000918782798866653488190622531584.00 170141000918782798866653488190622531584.00 170141000918782798866653488190622531584.00 170141000918782798866653488190622531584.00 170141000918782798866653488190622531584.00
-0.86 -0.83 -0.82 -0.87 -0.87 -0.88 -0.90 -0.90 -0.92 -0.93 -0.94 -0.92 -0.89 -0.85 -0.79 170141000918782798866653488190622531584.00 -0.62 -0.52 -0.37 -0.23 -0.09 0.06 0.20 0.26 170141000918782798866653488190622531584.00 170141000918782798866653488190622531584.00 170141000918782798866653488190622531584.00 170141000918782798866653488190622531584.00 170141000918782798866653488190622531584.00 170141000918782798866653488190622531584.00 170141000918782798866653488190622531584.00
