t190006.grd
DSAA
125 95
0.0 124
0.0 94
-3.252578 1.682239 
[rows 28 to 41 of 95, columns 62 to 92 of 125]
1.36 1.34 1.31 0.88 0.82 0.75 0.69 0.62 0.55 0.19 -0.17 -0.23 -0.28 -0.35 -0.41 -0.46 -0.50 -0.65 -0.64 -0.62 -0.59 -0.56 -0.53 -0.50 -0.36 0.04 0.05 -0.10 -0.07 -0.09 -0.10
1.37 1.35 1.33 0.87 0.81 0.75 0.68 0.61 0.54 0.17 -0.21 -0.26 -0.33 -0.41 -0.48 -0.55 -0.61 -0.73 -0.71 -0.68 -0.64 -0.60 -0.57 -0.47 -0.40 -0.36 -0.17 -0.17 -0.18 -0.20 -0.23
1.37 1.36 0.91 0.86 0.80 0.74 0.68 0.61 0.54 0.16 -0.24 -0.29 -0.36 -0.45 -0.54 -0.65 -0.74 -0.85 -0.80 -0.74 -0.69 -0.64 -0.46 -0.50 -0.42 -0.41 -0.27 -0.28 -0.29 -0.31 -0.63
1.37 1.36 0.90 0.85 0.80 0.74 0.68 0.61 0.21 0.14 -0.26 -0.32 -0.39 -0.49 -0.59 -0.73 -0.89 -0.98 -0.87 -0.78 -0.72 -0.63 -0.58 -0.53 -0.49 -0.47 -0.37 -0.38 -0.39 -0.40 -0.64
1.38 0.94 0.89 0.85 0.80 0.74 0.68 0.62 0.20 0.14 -0.28 -0.33 -0.40 -0.50 -0.60 -0.73 -0.89 -0.96 -0.89 -0.79 -0.70 -0.65 -0.61 -0.57 -0.55 -0.53 -0.70 -0.47 -0.47 -0.65 -0.64
1.38 0.93 0.89 0.85 0.80 0.75 0.69 0.24 0.19 0.14 -0.29 -0.34 -0.40 -0.49 -0.58 -0.68 -0.77 -0.88 -0.83 -0.76 -0.70 -0.67 -0.63 -0.61 -0.60 -0.58 -0.69 -0.69 -0.68 -0.68 -0.67
0.95 0.92 0.88 0.84 0.80 0.75 0.70 0.24 0.19 -0.18 -0.22 -0.34 -0.39 -0.47 -0.54 -0.77 170141000918782798866653488190622531584.00 -0.79 -0.76 -0.72 -0.70 -0.67 -0.65 -0.64 -0.77 -0.75 -0.74 -0.71 -0.71 -0.71 -0.70
0.95 0.92 0.88 0.85 0.80 0.76 0.49 0.24 -0.15 -0.18 -0.22 -0.26 -0.38 -0.67 -0.70 -0.73 170141000918782798866653488190622531584.00 -0.72 -0.85 -0.71 -0.68 -0.83 -0.81 -0.80 -0.79 -0.78 -0.78 -0.79 -0.73 -0.74 -0.74
0.94 0.91 0.88 0.85 0.81 0.54 0.49 -0.13 -0.15 -0.18 -0.22 -0.25 -0.57 170141000918782798866653488190622531584.00 -0.68 -0.70 -0.71 -0.84 -0.88 -0.86 -0.84 -0.83 -0.82 -0.81 -0.81 -0.81 -0.81 -0.82 -0.75 -0.77 -0.78
0.94 0.91 0.89 0.61 0.57 0.12 0.10 -0.13 -0.15 -0.18 -0.21 -0.55 170141000918782798866653488190622531584.00 170141000918782798866653488190622531584.00 170141000918782798866653488190622531584.00 -0.67 -0.68 -0.88 -0.87 -0.86 -0.85 -0.84 -0.83 -0.83 -0.83 -0.83 -0.84 -0.85 -0.77 -0.79 -0.85
0.94 0.66 0.63 0.16 0.14 0.12 0.10 170141000918782798866653488190622531584.00 -0.15 -0.53 -0.54 -0.55 170141000918782798866653488190622531584.00 170141000918782798866653488190622531584.00 -0.66 -0.66 -0.89 -0.88 -0.87 -0.86 -0.86 -0.85 -0.85 -0.85 -0.85 -0.86 -0.87 -0.88 -0.89 -0.85 -0.87
-0.03 -0.04 170141000918782798866653488190622531584.00 170141000918782798866653488190622531584.00 170141000918782798866653488190622531584.00 170141000918782798866653488190622531584.00 170141000918782798866653488190622531584.00 170141000918782798866653488190622531584.00 170141000918782798866653488190622531584.00 170141000918782798866653488190622531584.00 -0.54 170141000918782798866653488190622531584.00 170141000918782798866653488190622531584.00 -0.94 -0.89 -0.89 -0.93 -0.89 -0.88 -0.87 -0.87 -0.86 -0.86 -0.86 -0.87 -0.87 -0.88 -0.90 -0.84 -0.86 -0.89
170141000918782798866653488190622531584.00 170141000918782798866653488190622531584.00 170141000918782798866653488190622531584.00 170141000918782798866653488190622531584.00 170141000918782798866653488190622531584.00 170141000918782798866653488190622531584.00 170141000918782798866653488190622531584.00 170141000918782798866653488190622531584.00 170141000918782798866653488190622531584.00 170141000918782798866653488190622531584.00 170141000918782798866653488190622531584.00 170141000918782798866653488190622531584.00 -0.95 -0.94 -0.90 -0.89 -0.94 -0.90 -0.89 -0.88 -0.88 -0.88 -0.87 -0.88 -0.88 -0.89 -0.90 -0.91 -0.85 -0.87 -0.90
170141000918782798866653488190622531584.00 170141000918782798866653488190622531584.00 170141000918782798866653488190622531584.00 170141000918782798866653488190622531584.00 170141000918782798866653488190622531584.00 170141000918782798866653488190622531584.00 170141000918782798866653488190622531584.00 170141000918782798866653488190622531584.00 170141000918782798866653488190622531584.00 170141000918782798866653488190622531584.00 170141000918782798866653488190622531584.00 -0.95 -0.95 -0.94 -0.90 -0.89 -0.95 -0.95 -0.90 -0.89 -0.89 -0.89 -0.89 -0.89 -0.89 -0.90 -0.90 -0.91 -0.85 -0.87 -0.90
