t190008.grd
DSAA
125 95
0.0 124
0.0 94
-4.679367 3.495028 
[rows 28 to 41 of 95, columns 93 to 123 of 125]
-0.09 -0.20 -0.31 -0.42 -0.53 -0.62 -0.70 -0.71 170141000918782798866653488190622531584.00 170141000918782798866653488190622531584.00 170141000918782798866653488190622531584.00 170141000918782798866653488190622531584.00 170141000918782798866653488190622531584.00 170141000918782798866653488190622531584.00 170141000918782798866653488190622531584.00 170141000918782798866653488190622531584.00 170141000918782798866653488190622531584.00 170141000918782798866653488190622531584.00 170141000918782798866653488190622531584.00 170141000918782798866653488190622531584.00 170141000918782798866653488190622531584.00 170141000918782798866653488190622531584.00 170141000918782798866653488190622531584.00 170141000918782798866653488190622531584.00 170141000918782798866653488190622531584.00 170141000918782798866653488190622531584.00 170141000918782798866653488190622531584.00 170141000918782798866653488190622531584.00 170141000918782798866653488190622531584.00 170141000918782798866653488190622531584.00 170141000918782798866653488190622531584.00
-0.14 -0.25 -0.36 -0.46 -0.56 -0.65 -0.67 -0.68 170141000918782798866653488190622531584.00 170141000918782798866653488190622531584.00 170141000918782798866653488190622531584.00 170141000918782798866653488190622531584.00 170141000918782798866653488190622531584.00 170141000918782798866653488190622531584.00 170141000918782798866653488190622531584.00 170141000918782798866653488190622531584.00 170141000918782798866653488190622531584.00 170141000918782798866653488190622531584.00 170141000918782798866653488190622531584.00 170141000918782798866653488190622531584.00 170141000918782798866653488190622531584.00 170141000918782798866653488190622531584.00 170141000918782798866653488190622531584.00 170141000918782798866653488190622531584.00 170141000918782798866653488190622531584.00 170141000918782798866653488190622531584.00 170141000918782798866653488190622531584.00 170141000918782798866653488190622531584.00 170141000918782798866653488190622531584.00 170141000918782798866653488190622531584.00 170141000918782798866653488190622531584.00
-0.47 -0.30 -0.40 -0.50 -0.77 -0.63 -0.64 -0.66 170141000918782798866653488190622531584.00 170141000918782798866653488190622531584.00 170141000918782798866653488190622531584.00 170141000918782798866653488190622531584.00 170141000918782798866653488190622531584.00 170141000918782798866653488190622531584.00 170141000918782798866653488190622531584.00 -0.37 -0.32 170141000918782798866653488190622531584.00 170141000918782798866653488190622531584.00 170141000918782798866653488190622531584.00 170141000918782798866653488190622531584.00 170141000918782798866653488190622531584.00 170141000918782798866653488190622531584.00 170141000918782798866653488190622531584.00 170141000918782798866653488190622531584.00 170141000918782798866653488190622531584.00 170141000918782798866653488190622531584.00 170141000918782798866653488190622531584.00 170141000918782798866653488190622531584.00 170141000918782798866653488190622531584.00 170141000918782798866653488190622531584.00
-0.45 -0.49 -0.69 -0.74 -0.79 -0.84 -0.62 170141000918782798866653488190622531584.00 170141000918782798866653488190622531584.00 170141000918782798866653488190622531584.00 170141000918782798866653488190622531584.00 -0.34 -0.35 -0.36 -0.37 -0.38 -0.32 -0.32 170141000918782798866653488190622531584.00 170141000918782798866653488190622531584.00 170141000918782798866653488190622531584.00 170141000918782798866653488190622531584.00 170141000918782798866653488190622531584.00 170141000918782798866653488190622531584.00 170141000918782798866653488190622531584.00 170141000918782798866653488190622531584.00 170141000918782798866653488190622531584.00 170141000918782798866653488190622531584.00 170141000918782798866653488190622531584.00 170141000918782798866653488190622531584.00 170141000918782798866653488190622531584.00
-0.50 -0.55 -0.71 -0.77 -0.82 -0.79 -0.79 170141000918782798866653488190622531584.00 170141000918782798866653488190622531584.00 -0.40 -0.34 -0.35 -0.35 -0.36 -0.37 -0.40 -0.32 -0.32 170141000918782798866653488190622531584.00 170141000918782798866653488190622531584.00 170141000918782798866653488190622531584.00 170141000918782798866653488190622531584.00 170141000918782798866653488190622531584.00 170141000918782798866653488190622531584.00 170141000918782798866653488190622531584.00 170141000918782798866653488190622531584.00 170141000918782798866653488190622531584.00 170141000918782798866653488190622531584.00 170141000918782798866653488190622531584.00 170141000918782798866653488190622531584.00 170141000918782798866653488190622531584.00
-0.54 -0.60 -0.73 -0.80 -0.80 -0.80 -0.66 170141000918782798866653488190622531584.00 -0.43 -0.36 -0.36 -0.41 -0.36 -0.37 -0.39 -0.31 -0.32 -0.52 170141000918782798866653488190622531584.00 170141000918782798866653488190622531584.00 170141000918782798866653488190622531584.00 170141000918782798866653488190622531584.00 170141000918782798866653488190622531584.00 170141000918782798866653488190622531584.00 170141000918782798866653488190622531584.00 170141000918782798866653488190622531584.00 170141000918782798866653488190622531584.00 170141000918782798866653488190622531584.00 170141000918782798866653488190622531584.00 170141000918782798866653488190622531584.00 170141000918782798866653488190622531584.00
-0.59 -0.65 -0.75 -0.81 -0.73 -0.71 -0.69 -0.67 -0.69 -0.39 -0.39 -0.40 -0.45 -0.40 -0.41 -0.31 -0.57 -0.55 170141000918782798866653488190622531584.00 170141000918782798866653488190622531584.00 170141000918782798866653488190622531584.00 170141000918782798866653488190622531584.00 170141000918782798866653488190622531584.00 170141000918782798866653488190622531584.00 170141000918782798866653488190622531584.00 170141000918782798866653488190622531584.00 170141000918782798866653488190622531584.00 170141000918782798866653488190622531584.00 170141000918782798866653488190622531584.00 170141000918782798866653488190622531584.00 170141000918782798866653488190622531584.00
-0.64 -0.70 -0.70 -0.78 -0.76 -0.75 -0.73 -0.68 -0.71 -0.43 -0.43 -0.44 -0.51 -0.52 -0.54 -0.48 -0.49 -0.58 170141000918782798866653488190622531584.00 170141000918782798866653488190622531584.00 170141000918782798866653488190622531584.00 170141000918782798866653488190622531584.00 170141000918782798866653488190622531584.00 170141000918782798866653488190622531584.00 170141000918782798866653488190622531584.00 170141000918782798866653488190622531584.00 170141000918782798866653488190622531584.00 170141000918782798866653488190622531584.00 170141000918782798866653488190622531584.00 170141000918782798866653488190622531584.00 170141000918782798866653488190622531584.00
-0.68 -0.71 -0.74 -0.82 -0.80 -0.78 -0.76 -0.94 -0.88 -0.46 -0.47 -0.48 -0.48 -0.59 -0.90 -0.77 -0.71 -0.60 -0.58 170141000918782798866653488190622531584.00 170141000918782798866653488190622531584.00 170141000918782798866653488190622531584.00 170141000918782798866653488190622531584.00 170141000918782798866653488190622531584.00 170141000918782798866653488190622531584.00 170141000918782798866653488190622531584.00 170141000918782798866653488190622531584.00 170141000918782798866653488190622531584.00 170141000918782798866653488190622531584.00 170141000918782798866653488190622531584.00 170141000918782798866653488190622531584.00
-0.72 -0.75 -0.77 -0.85 -0.84 -0.82 -0.78 -0.95 -0.90 -0.85 -0.51 -0.52 -0.63 -0.85 -0.91 -0.67 -0.64 -0.61 -0.60 170141000918782798866653488190622531584.00 170141000918782798866653488190622531584.00 170141000918782798866653488190622531584.00 170141000918782798866653488190622531584.00 170141000918782798866653488190622531584.00 170141000918782798866653488190622531584.00 170141000918782798866653488190622531584.00 170141000918782798866653488190622531584.00 170141000918782798866653488190622531584.00 170141000918782798866653488190622531584.00 170141000918782798866653488190622531584.00 170141000918782798866653488190622531584.00
-0.75 -0.78 -0.81 -0.89 -0.87 -0.85 -0.89 -0.97 -0.92 -0.87 -0.57 -0.59 -0.62 -0.81 -0.90 -0.75 -0.65 -0.63 -0.61 170141000918782798866653488190622531584.00 170141000918782798866653488190622531584.00 170141000918782798866653488190622531584.00 170141000918782798866653488190622531584.00 170141000918782798866653488190622531584.00 170141000918782798866653488190622531584.00 170141000918782798866653488190622531584.00 170141000918782798866653488190622531584.00 170141000918782798866653488190622531584.00 170141000918782798866653488190622531584.00 170141000918782798866653488190622531584.00 170141000918782798866653488190622531584.00
-0.79 -0.82 -0.84 -0.92 -0.90 -0.93 -0.92 -0.99 -0.94 -0.89 -0.57 -0.59 -0.61 -0.79 -0.79 -0.75 -0.66 -0.95 -0.85 -0.84 170141000918782798866653488190622531584.00 170141000918782798866653488190622531584.00 170141000918782798866653488190622531584.00 170141000918782798866653488190622531584.00 170141000918782798866653488190622531584.00 170141000918782798866653488190622531584.00 170141000918782798866653488190622531584.00 170141000918782798866653488190622531584.00 170141000918782798866653488190622531584.00 170141000918782798866653488190622531584.00 170141000918782798866653488190622531584.00
-0.82 -0.85 -0.87 -0.95 -0.97 -0.97 -0.96 -1.00 -0.92 -0.86 -0.56 -0.59 -0.72 170141000918782798866653488190622531584.00 -0.79 -1.15 -1.00 -1.03 -0.94 -0.93 170141000918782798866653488190622531584.00 170141000918782798866653488190622531584.00 170141000918782798866653488190622531584.00 170141000918782798866653488190622531584.00 170141000918782798866653488190622531584.00 170141000918782798866653488190622531584.00 170141000918782798866653488190622531584.00 170141000918782798866653488190622531584.00 170141000918782798866653488190622531584.00 170141000918782798866653488190622531584.00 170141000918782798866653488190622531584.00
-0.85 -0.87 -0.89 -0.97 -1.00 -1.00 -0.99 -0.97 -0.91 -0.86 -0.57 170141000918782798866653488190622531584.00 170141000918782798866653488190622531584.00 170141000918782798866653488190622531584.00 -1.13 -1.12 -1.08 -1.03 -1.03 -1.01 170141000918782798866653488190622531584.00 170141000918782798866653488190622531584.00 170141000918782798866653488190622531584.00 170141000918782798866653488190622531584.00 170141000918782798866653488190622531584.00 170141000918782798866653488190622531584.00 170141000918782798866653488190622531584.00 170141000918782798866653488190622531584.00 170141000918782798866653488190622531584.00 170141000918782798866653488190622531584.00 170141000918782798866653488190622531584.00
