t190012.grd
DSAA
125 95
0.0 124
0.0 94
-3.282257 7.280182 
[rows 26 to 38 of 95, columns 0 to 30 of 125]
170141000918782798866653488190622531584.00 170141000918782798866653488190622531584.00 170141000918782798866653488190622531584.00 170141000918782798866653488190622531584.00 170141000918782798866653488190622531584.00 170141000918782798866653488190622531584.00 170141000918782798866653488190622531584.00 170141000918782798866653488190622531584.00 170141000918782798866653488190622531584.00 170141000918782798866653488190622531584.00 170141000918782798866653488190622531584.00 3.68 3.83 4.00 4.19 4.41 4.65 5.28 5.55 5.70 5.90 5.73 5.29 5.42 5.51 5.59 5.68 5.71 5.72 5.68 5.28
170141000918782798866653488190622531584.00 170141000918782798866653488190622531584.00 170141000918782798866653488190622531584.00 170141000918782798866653488190622531584.00 170141000918782798866653488190622531584.00 170141000918782798866653488190622531584.00 170141000918782798866653488190622531584.00 170141000918782798866653488190622531584.00 3.53 3.61 170141000918782798866653488190622531584.00 3.90 4.02 4.18 4.36 4.58 5.04 5.30 5.57 5.75 6.00 5.76 5.36 5.40 5.46 5.54 5.66 5.67 5.67 5.64 5.59
170141000918782798866653488190622531584.00 170141000918782798866653488190622531584.00 170141000918782798866653488190622531584.00 170141000918782798866653488190622531584.00 170141000918782798866653488190622531584.00 170141000918782798866653488190622531584.00 170141000918782798866653488190622531584.00 3.59 3.71 3.87 170141000918782798866653488190622531584.00 4.04 4.17 4.32 4.50 4.74 5.04 5.27 5.50 5.69 5.78 5.69 5.52 5.44 5.27 5.26 5.40 5.42 5.65 5.62 5.57
170141000918782798866653488190622531584.00 170141000918782798866653488190622531584.00 170141000918782798866653488190622531584.00 170141000918782798866653488190622531584.00 170141000918782798866653488190622531584.00 170141000918782798866653488190622531584.00 170141000918782798866653488190622531584.00 3.87 3.92 3.99 4.07 4.17 4.29 4.44 4.60 4.83 5.02 5.22 5.40 5.54 5.60 5.59 5.52 5.33 5.28 5.25 5.34 5.35 5.36 5.62 5.57
170141000918782798866653488190622531584.00 170141000918782798866653488190622531584.00 170141000918782798866653488190622531584.00 170141000918782798866653488190622531584.00 170141000918782798866653488190622531584.00 170141000918782798866653488190622531584.00 170141000918782798866653488190622531584.00 3.97 4.02 4.09 4.17 4.27 4.39 4.52 4.68 4.83 4.99 5.15 5.29 5.40 5.46 5.46 5.38 5.32 5.27 5.25 5.29 5.30 5.30 5.63 4.98
170141000918782798866653488190622531584.00 170141000918782798866653488190622531584.00 170141000918782798866653488190622531584.00 170141000918782798866653488190622531584.00 170141000918782798866653488190622531584.00 170141000918782798866653488190622531584.00 170141000918782798866653488190622531584.00 4.05 4.11 4.18 4.26 4.36 4.47 4.59 4.68 4.81 4.95 5.08 5.19 5.29 5.34 5.37 5.33 5.29 5.26 5.24 5.25 5.25 5.26 5.44 5.40
170141000918782798866653488190622531584.00 170141000918782798866653488190622531584.00 170141000918782798866653488190622531584.00 170141000918782798866653488190622531584.00 170141000918782798866653488190622531584.00 170141000918782798866653488190622531584.00 170141000918782798866653488190622531584.00 4.13 4.19 4.26 4.34 4.43 4.52 4.65 4.69 4.80 4.91 5.02 5.12 5.20 5.25 5.31 5.29 5.26 5.24 5.23 5.22 5.12 5.12 5.12 4.43
170141000918782798866653488190622531584.00 170141000918782798866653488190622531584.00 170141000918782798866653488190622531584.00 170141000918782798866653488190622531584.00 170141000918782798866653488190622531584.00 170141000918782798866653488190622531584.00 170141000918782798866653488190622531584.00 4.20 4.26 4.32 4.40 4.48 4.57 4.59 4.69 4.79 4.88 4.98 5.06 5.13 5.19 3.86 5.26 5.24 3.90 3.78 3.66 5.10 5.09 3.89 3.97
170141000918782798866653488190622531584.00 170141000918782798866653488190622531584.00 170141000918782798866653488190622531584.00 170141000918782798866653488190622531584.00 170141000918782798866653488190622531584.00 170141000918782798866653488190622531584.00 170141000918782798866653488190622531584.00 4.26 4.31 170141000918782798866653488190622531584.00 4.45 4.52 4.63 4.61 4.69 4.78 4.86 4.94 5.01 3.60 3.66 3.52 3.28 3.11 2.94 3.53 3.40 3.74 3.61 3.68 3.76
170141000918782798866653488190622531584.00 170141000918782798866653488190622531584.00 170141000918782798866653488190622531584.00 170141000918782798866653488190622531584.00 170141000918782798866653488190622531584.00 170141000918782798866653488190622531584.00 170141000918782798866653488190622531584.00 170141000918782798866653488190622531584.00 170141000918782798866653488190622531584.00 170141000918782798866653488190622531584.00 170141000918782798866653488190622531584.00 170141000918782798866653488190622531584.00 3.11 3.16 3.20 3.24 3.27 3.28 3.28 3.24 3.23 3.08 2.93 2.77 2.61 2.46 2.32 2.74 3.38 3.23 3.04
170141000918782798866653488190622531584.00 170141000918782798866653488190622531584.00 170141000918782798866653488190622531584.00 170141000918782798866653488190622531584.00 170141000918782798866653488190622531584.00 170141000918782798866653488190622531584.00 170141000918782798866653488190622531584.00 170141000918782798866653488190622531584.00 170141000918782798866653488190622531584.00 170141000918782798866653488190622531584.00 170141000918782798866653488190622531584.00 170141000918782798866653488190622531584.00 2.93 2.96 2.98 2.99 2.99 2.98 2.95 3.02 2.88 2.73 2.58 2.42 2.27 2.13 2.40 2.44 2.52 2.88 3.03
170141000918782798866653488190622531584.00 170141000918782798866653488190622531584.00 170141000918782798866653488190622531584.00 170141000918782798866653488190622531584.00 170141000918782798866653488190622531584.00 170141000918782798866653488190622531584.00 170141000918782798866653488190622531584.00 170141000918782798866653488190622531584.00 170141000918782798866653488190622531584.00 170141000918782798866653488190622531584.00 170141000918782798866653488190622531584.00 2.75 2.75 2.75 2.75 2.74 2.72 2.68 2.81 2.68 2.54 2.39 2.23 2.08 1.93 2.05 2.06 2.11 2.19 2.51 2.67
170141000918782798866653488190622531584.00 170141000918782798866653488190622531584.00 170141000918782798866653488190622531584.00 170141000918782798866653488190622531584.00 170141000918782798866653488190622531584.00 170141000918782798866653488190622531584.00 170141000918782798866653488190622531584.00 170141000918782798866653488190622531584.00 170141000918782798866653488190622531584.00 170141000918782798866653488190622531584.00 170141000918782798866653488190622531584.00 2.59 2.57 2.55 2.53 2.50 2.45 2.63 2.50 2.36 2.21 2.05 1.89 1.74 1.59 1.70 1.71 1.75 1.83 2.11 2.27
