t190008.grd
DSAA
125 95
0.0 124
0.0 94
-4.679367 3.495028 
[rows 14 to 27 of 95, columns 31 to 61 of 125]
170141000918782798866653488190622531584.00 170141000918782798866653488190622531584.00 170141000918782798866653488190622531584.00 170141000918782798866653488190622531584.00 170141000918782798866653488190622531584.00 170141000918782798866653488190622531584.00 170141000918782798866653488190622531584.00 170141000918782798866653488190622531584.00 170141000918782798866653488190622531584.00 170141000918782798866653488190622531584.00 170141000918782798866653488190622531584.00 170141000918782798866653488190622531584.00 170141000918782798866653488190622531584.00 170141000918782798866653488190622531584.00 170141000918782798866653488190622531584.00 170141000918782798866653488190622531584.00 170141000918782798866653488190622531584.00 170141000918782798866653488190622531584.00 170141000918782798866653488190622531584.00 170141000918782798866653488190622531584.00 170141000918782798866653488190622531584.00 170141000918782798866653488190622531584.00 170141000918782798866653488190622531584.00 170141000918782798866653488190622531584.00 170141000918782798866653488190622531584.00 170141000918782798866653488190622531584.00 170141000918782798866653488190622531584.00 170141000918782798866653488190622531584.00 170141000918782798866653488190622531584.00 170141000918782798866653488190622531584.00 170141000918782798866653488190622531584.00
-2.79 -2.77 -2.76 -2.76 -2.49 -2.40 -2.42 -2.36 -2.23 -1.99 -1.89 -1.78 -1.38 -1.30 -1.24 -1.13 -1.03 -0.43 -0.31 170141000918782798866653488190622531584.00 170141000918782798866653488190622531584.00 170141000918782798866653488190622531584.00 170141000918782798866653488190622531584.00 170141000918782798866653488190622531584.00 170141000918782798866653488190622531584.00 170141000918782798866653488190622531584.00 170141000918782798866653488190622531584.00 170141000918782798866653488190622531584.00 170141000918782798866653488190622531584.00 170141000918782798866653488190622531584.00 170141000918782798866653488190622531584.00
-2.83 -2.82 -2.81 -2.80 -2.51 -2.42 -2.42 -2.36 -2.23 -1.99 -1.89 -1.46 -1.38 -1.30 -1.23 -1.12 -1.01 -0.43 -0.30 -0.00 0.26 0.43 0.54 0.64 0.92 170141000918782798866653488190622531584.00 170141000918782798866653488190622531584.00 170141000918782798866653488190622531584.00 170141000918782798866653488190622531584.00 170141000918782798866653488190622531584.00 170141000918782798866653488190622531584.00
-2.89 -2.87 -2.86 -2.86 -2.54 -2.44 -2.42 -2.36 -2.22 -1.99 -1.88 -1.46 -1.38 -1.29 -1.22 -1.10 -0.99 -0.43 -0.15 -0.00 0.25 0.42 0.53 0.64 0.92 1.01 1.10 1.19 1.27 170141000918782798866653488190622531584.00 1.43
-2.95 -2.93 -2.92 -2.91 -2.56 -2.47 -2.42 -2.33 -2.09 -1.99 -1.87 -1.46 -1.37 -1.28 -1.20 -1.09 -0.97 -0.44 -0.15 0.00 0.25 0.41 0.53 0.63 0.93 1.02 1.11 1.20 1.29 1.38 1.46
-3.02 -3.00 -2.98 -2.97 -2.96 -2.49 -2.57 -2.33 -2.07 -1.97 -1.87 -1.45 -1.37 -1.28 -1.19 -1.07 -0.95 -0.44 -0.16 0.00 0.24 0.40 0.52 0.63 0.94 1.03 1.13 1.22 1.32 1.40 1.48
-3.09 -3.07 -3.05 -3.03 -3.01 -2.51 -2.35 -2.28 -2.04 -1.95 -1.62 -1.59 -1.36 -1.30 -1.18 -1.06 -0.94 -0.44 -0.16 -0.00 0.23 0.40 0.51 0.62 0.95 1.04 1.14 1.24 1.33 1.42 1.50
-3.14 -3.11 -3.09 -3.13 -3.09 -2.71 -2.33 -2.30 -2.02 -1.93 -1.64 -1.61 -1.35 -1.29 -1.17 -1.05 -0.94 -0.44 -0.16 -0.01 0.22 0.39 0.51 0.89 0.97 1.06 1.16 1.25 1.34 1.43 1.51
-3.18 -3.16 -3.13 -3.14 -2.78 -2.68 -2.39 -2.33 -2.06 -1.73 -1.73 -1.72 -1.70 -1.50 -1.16 -1.11 -1.06 -1.01 -0.16 -0.01 0.21 0.39 0.50 0.91 0.99 1.08 1.17 1.26 1.35 1.44 1.44
-3.22 -3.20 -3.19 -3.15 -2.78 -2.67 -2.40 -2.27 -2.03 -1.76 -1.75 -1.74 -1.72 -1.67 -1.23 -1.18 -1.12 -1.07 -0.16 -0.02 0.20 0.39 0.50 0.93 1.01 1.09 1.18 1.27 1.35 1.44 1.44
-3.25 -3.23 -2.97 -2.87 -2.76 -2.65 -2.52 -2.29 -2.17 -1.78 -1.77 -1.76 -1.73 -1.55 -1.34 -1.25 -1.19 -1.14 -0.63 -0.37 0.20 0.39 0.49 0.95 1.02 1.10 1.19 1.27 1.35 1.43 1.44
-3.27 -3.07 -2.96 -2.85 -2.75 -2.60 -2.49 -2.31 -2.19 -2.12 -1.79 -1.78 -1.74 -1.57 -1.41 -1.35 -1.25 -1.20 -0.70 -0.45 0.19 0.39 0.49 0.97 1.04 1.12 1.19 1.27 1.35 1.42 1.43
-3.30 -3.06 -2.95 -2.84 -2.73 -2.59 -2.47 -2.33 -2.21 -2.14 -1.80 -1.79 -1.75 -1.53 -1.47 -1.41 -1.35 -1.29 -0.76 -0.52 -0.37 0.39 0.49 0.98 1.05 1.12 1.20 1.27 1.35 1.41 1.43
-3.14 -3.04 -2.94 -2.82 -2.70 -2.58 -2.45 -2.37 -2.23 -2.15 -2.08 -1.80 -1.67 -1.59 -1.53 -1.47 -1.41 -1.35 -0.82 -0.59 -0.43 -0.20 -0.06 1.00 1.06 1.13 1.20 1.27 1.34 1.40 1.42
