t190003.grd
DSAA
125 95
0.0 124
0.0 94
-6.920565 3.535970 
[rows 13 to 25 of 95, columns 62 to 92 of 125]
170141000918782798866653488190622531584.00 170141000918782798866653488190622531584.00 170141000918782798866653488190622531584.00 170141000918782798866653488190622531584.00 170141000918782798866653488190622531584.00 170141000918782798866653488190622531584.00 170141000918782798866653488190622531584.00 170141000918782798866653488190622531584.00 170141000918782798866653488190622531584.00 170141000918782798866653488190622531584.00 170141000918782798866653488190622531584.00 170141000918782798866653488190622531584.00 170141000918782798866653488190622531584.00 170141000918782798866653488190622531584.00 170141000918782798866653488190622531584.00 170141000918782798866653488190622531584.00 170141000918782798866653488190622531584.00 170141000918782798866653488190622531584.00 170141000918782798866653488190622531584.00 170141000918782798866653488190622531584.00 170141000918782798866653488190622531584.00 170141000918782798866653488190622531584.00 170141000918782798866653488190622531584.00 -5.38 -5.38 -5.19 -5.00 -5.28 -5.37 170141000918782798866653488190622531584.00 170141000918782798866653488190622531584.00
170141000918782798866653488190622531584.00 170141000918782798866653488190622531584.00 170141000918782798866653488190622531584.00 170141000918782798866653488190622531584.00 170141000918782798866653488190622531584.00 170141000918782798866653488190622531584.00 170141000918782798866653488190622531584.00 170141000918782798866653488190622531584.00 170141000918782798866653488190622531584.00 170141000918782798866653488190622531584.00 170141000918782798866653488190622531584.00 170141000918782798866653488190622531584.00 170141000918782798866653488190622531584.00 170141000918782798866653488190622531584.00 170141000918782798866653488190622531584.00 170141000918782798866653488190622531584.00 170141000918782798866653488190622531584.00 170141000918782798866653488190622531584.00 170141000918782798866653488190622531584.00 170141000918782798866653488190622531584.00 170141000918782798866653488190622531584.00 170141000918782798866653488190622531584.00 170141000918782798866653488190622531584.00 -5.04 -5.05 -5.09 -5.14 -5.51 -5.57 -5.50 170141000918782798866653488190622531584.00
170141000918782798866653488190622531584.00 170141000918782798866653488190622531584.00 170141000918782798866653488190622531584.00 170141000918782798866653488190622531584.00 170141000918782798866653488190622531584.00 170141000918782798866653488190622531584.00 170141000918782798866653488190622531584.00 170141000918782798866653488190622531584.00 170141000918782798866653488190622531584.00 170141000918782798866653488190622531584.00 170141000918782798866653488190622531584.00 170141000918782798866653488190622531584.00 170141000918782798866653488190622531584.00 170141000918782798866653488190622531584.00 170141000918782798866653488190622531584.00 170141000918782798866653488190622531584.00 170141000918782798866653488190622531584.00 170141000918782798866653488190622531584.00 170141000918782798866653488190622531584.00 170141000918782798866653488190622531584.00 170141000918782798866653488190622531584.00 170141000918782798866653488190622531584.00 170141000918782798866653488190622531584.00 -5.02 -4.86 -4.84 -4.79 -5.23 -5.39 -5.32 -5.42
170141000918782798866653488190622531584.00 170141000918782798866653488190622531584.00 170141000918782798866653488190622531584.00 170141000918782798866653488190622531584.00 170141000918782798866653488190622531584.00 170141000918782798866653488190622531584.00 170141000918782798866653488190622531584.00 170141000918782798866653488190622531584.00 170141000918782798866653488190622531584.00 170141000918782798866653488190622531584.00 170141000918782798866653488190622531584.00 170141000918782798866653488190622531584.00 170141000918782798866653488190622531584.00 170141000918782798866653488190622531584.00 170141000918782798866653488190622531584.00 170141000918782798866653488190622531584.00 170141000918782798866653488190622531584.00 170141000918782798866653488190622531584.00 170141000918782798866653488190622531584.00 170141000918782798866653488190622531584.00 170141000918782798866653488190622531584.00 170141000918782798866653488190622531584.00 170141000918782798866653488190622531584.00 -5.09 -4.92 -4.58 -4.67 -5.20 -5.44 -5.37 -5.59
-4.10 -4.12 170141000918782798866653488190622531584.00 -4.15 -4.16 -4.18 170141000918782798866653488190622531584.00 170141000918782798866653488190622531584.00 170141000918782798866653488190622531584.00 170141000918782798866653488190622531584.00 170141000918782798866653488190622531584.00 170141000918782798866653488190622531584.00 170141000918782798866653488190622531584.00 170141000918782798866653488190622531584.00 170141000918782798866653488190622531584.00 170141000918782798866653488190622531584.00 170141000918782798866653488190622531584.00 170141000918782798866653488190622531584.00 170141000918782798866653488190622531584.00 170141000918782798866653488190622531584.00 170141000918782798866653488190622531584.00 170141000918782798866653488190622531584.00 -5.21 -5.10 -4.84 -4.68 -4.93 -5.43 -5.81 -5.79 170141000918782798866653488190622531584.00
-4.16 -4.17 -4.18 -4.18 -4.19 -4.21 -4.23 -4.25 -4.31 170141000918782798866653488190622531584.00 170141000918782798866653488190622531584.00 170141000918782798866653488190622531584.00 170141000918782798866653488190622531584.00 170141000918782798866653488190622531584.00 170141000918782798866653488190622531584.00 170141000918782798866653488190622531584.00 -4.91 -5.28 -5.29 -5.30 -5.31 -5.32 -5.31 -5.26 -5.12 -4.97 -5.01 -5.58 -6.10 -6.06 -5.87
-4.22 -4.22 -4.21 -4.21 -4.22 -4.24 -4.27 -4.32 -4.36 170141000918782798866653488190622531584.00 170141000918782798866653488190622531584.00 170141000918782798866653488190622531584.00 170141000918782798866653488190622531584.00 170141000918782798866653488190622531584.00 170141000918782798866653488190622531584.00 -4.85 -4.92 -5.30 -5.32 -5.34 -5.37 -5.40 -5.41 -5.49 -5.59 -5.17 -4.96 -5.49 -6.13 -6.14 -5.97
-4.27 -4.25 -4.23 -4.23 -4.23 -4.25 -4.28 -4.34 -4.37 -4.42 170141000918782798866653488190622531584.00 170141000918782798866653488190622531584.00 170141000918782798866653488190622531584.00 -4.72 -4.79 -4.86 -4.93 -5.32 -5.34 -5.31 -5.34 -5.39 -5.46 -5.58 -5.77 -5.25 -4.84 -5.24 -5.71 -5.87 -5.80
-4.28 -4.25 -4.24 -4.23 -4.23 -4.24 -4.30 -4.32 -4.35 -4.41 -4.53 -4.60 -4.65 -4.74 -4.80 -4.87 -4.94 -5.26 -5.28 -5.30 -5.33 -5.37 -5.44 -5.51 -5.51 -5.30 -5.16 -5.31 -5.47 -5.63 -5.66
-4.24 -4.24 -4.23 -4.22 -4.22 -4.23 -4.29 -4.30 -4.33 -4.50 -4.53 -4.58 -4.66 -4.75 -4.81 -4.87 -4.94 -5.25 -5.26 -5.28 -5.30 -5.36 -5.40 -5.43 -5.41 -5.38 -5.34 -5.33 -5.36 -5.50 -5.57
-4.21 -4.21 -4.21 -4.21 -4.21 -4.21 -4.28 -4.30 -4.32 -4.51 -4.55 -4.60 -4.66 -4.75 -4.81 -4.88 -4.90 -5.29 -5.28 -5.28 -5.30 -5.33 -5.36 -5.37 -5.36 -5.43 -5.35 -5.38 -5.31 -5.43 -5.57
-4.18 -4.19 -4.19 -4.19 -4.19 -4.26 -4.28 -4.29 -4.31 -4.53 -4.58 -4.62 -4.67 -4.77 -4.79 -4.84 -4.90 -5.26 -5.27 -5.31 -5.33 -5.31 -5.33 -5.33 -5.44 -5.40 -5.39 -5.41 -5.29 -5.54 -5.58
-4.15 -4.16 -4.17 -4.17 -4.17 -4.26 -4.27 -4.29 -4.31 -4.51 -4.56 -4.64 -4.67 -4.76 -4.80 -4.85 -4.88 -4.92 -5.29 -5.31 -5.32 -5.33 -5.30 -5.43 -5.43 -5.42 -5.42 -5.43 -5.38 -5.47 -5.62
