t190003.grd
DSAA
125 95
0.0 124
0.0 94
-6.920565 3.535970 
[rows 39 to 51 of 95, columns 93 to 123 of 125]
-4.28 -4.21 -4.09 -4.06 -3.88 -3.67 -3.61 -3.50 -3.50 -3.49 -2.99 -2.58 -1.97 -1.37 -0.67 -0.72 -0.88 -0.81 -0.50 -0.34 170141000918782798866653488190622531584.00 170141000918782798866653488190622531584.00 170141000918782798866653488190622531584.00 170141000918782798866653488190622531584.00 170141000918782798866653488190622531584.00 170141000918782798866653488190622531584.00 170141000918782798866653488190622531584.00 170141000918782798866653488190622531584.00 170141000918782798866653488190622531584.00 170141000918782798866653488190622531584.00 170141000918782798866653488190622531584.00
-4.18 -4.12 -4.03 -4.04 -3.75 -3.65 -3.59 -3.43 -3.22 -2.98 -2.67 -2.30 -1.88 170141000918782798866653488190622531584.00 -0.69 -0.52 -0.59 -0.65 -0.36 -0.22 170141000918782798866653488190622531584.00 170141000918782798866653488190622531584.00 170141000918782798866653488190622531584.00 170141000918782798866653488190622531584.00 170141000918782798866653488190622531584.00 170141000918782798866653488190622531584.00 170141000918782798866653488190622531584.00 170141000918782798866653488190622531584.00 170141000918782798866653488190622531584.00 170141000918782798866653488190622531584.00 170141000918782798866653488190622531584.00
-4.11 -4.06 -3.98 -4.03 -3.72 -3.63 -3.56 -3.14 -2.90 -2.76 -2.39 170141000918782798866653488190622531584.00 170141000918782798866653488190622531584.00 170141000918782798866653488190622531584.00 -0.53 -0.47 -0.48 -0.36 -0.27 -0.15 170141000918782798866653488190622531584.00 170141000918782798866653488190622531584.00 170141000918782798866653488190622531584.00 170141000918782798866653488190622531584.00 170141000918782798866653488190622531584.00 170141000918782798866653488190622531584.00 170141000918782798866653488190622531584.00 170141000918782798866653488190622531584.00 170141000918782798866653488190622531584.00 170141000918782798866653488190622531584.00 170141000918782798866653488190622531584.00
-4.06 -4.02 -3.96 -3.76 -3.68 -3.60 -3.08 -3.02 -2.74 -2.59 -2.16 170141000918782798866653488190622531584.00 170141000918782798866653488190622531584.00 -1.25 -0.98 -0.41 -0.40 -0.30 -0.22 -0.11 170141000918782798866653488190622531584.00 170141000918782798866653488190622531584.00 170141000918782798866653488190622531584.00 170141000918782798866653488190622531584.00 170141000918782798866653488190622531584.00 170141000918782798866653488190622531584.00 170141000918782798866653488190622531584.00 170141000918782798866653488190622531584.00 170141000918782798866653488190622531584.00 170141000918782798866653488190622531584.00 170141000918782798866653488190622531584.00
-4.03 -3.99 -3.66 -3.71 -3.28 -3.19 -2.97 -3.07 -2.99 -2.87 170141000918782798866653488190622531584.00 170141000918782798866653488190622531584.00 170141000918782798866653488190622531584.00 -1.78 -1.13 -0.99 -0.80 -0.60 -0.39 -0.33 170141000918782798866653488190622531584.00 170141000918782798866653488190622531584.00 170141000918782798866653488190622531584.00 170141000918782798866653488190622531584.00 170141000918782798866653488190622531584.00 170141000918782798866653488190622531584.00 170141000918782798866653488190622531584.00 170141000918782798866653488190622531584.00 170141000918782798866653488190622531584.00 170141000918782798866653488190622531584.00 170141000918782798866653488190622531584.00
-4.01 -3.90 -3.61 -3.30 -3.21 -3.11 -3.06 -3.01 -2.94 -2.84 -2.50 -2.34 170141000918782798866653488190622531584.00 -1.93 -1.34 -1.22 -1.07 -0.87 170141000918782798866653488190622531584.00 170141000918782798866653488190622531584.00 170141000918782798866653488190622531584.00 170141000918782798866653488190622531584.00 170141000918782798866653488190622531584.00 170141000918782798866653488190622531584.00 170141000918782798866653488190622531584.00 170141000918782798866653488190622531584.00 170141000918782798866653488190622531584.00 170141000918782798866653488190622531584.00 170141000918782798866653488190622531584.00 170141000918782798866653488190622531584.00 170141000918782798866653488190622531584.00
-3.92 -3.59 -3.61 -3.54 -3.31 -3.04 -3.01 -2.97 -2.91 -2.82 -2.51 -2.39 170141000918782798866653488190622531584.00 170141000918782798866653488190622531584.00 170141000918782798866653488190622531584.00 170141000918782798866653488190622531584.00 -1.36 170141000918782798866653488190622531584.00 170141000918782798866653488190622531584.00 170141000918782798866653488190622531584.00 170141000918782798866653488190622531584.00 170141000918782798866653488190622531584.00 170141000918782798866653488190622531584.00 170141000918782798866653488190622531584.00 170141000918782798866653488190622531584.00 170141000918782798866653488190622531584.00 170141000918782798866653488190622531584.00 170141000918782798866653488190622531584.00 170141000918782798866653488190622531584.00 170141000918782798866653488190622531584.00 170141000918782798866653488190622531584.00
-2.75 -3.37 -2.75 -2.69 -3.28 -2.28 -2.97 -2.93 -2.88 -2.72 -2.54 -2.46 170141000918782798866653488190622531584.00 170141000918782798866653488190622531584.00 170141000918782798866653488190622531584.00 -1.82 -1.66 -1.46 170141000918782798866653488190622531584.00 170141000918782798866653488190622531584.00 170141000918782798866653488190622531584.00 170141000918782798866653488190622531584.00 170141000918782798866653488190622531584.00 170141000918782798866653488190622531584.00 170141000918782798866653488190622531584.00 170141000918782798866653488190622531584.00 170141000918782798866653488190622531584.00 170141000918782798866653488190622531584.00 170141000918782798866653488190622531584.00 170141000918782798866653488190622531584.00 170141000918782798866653488190622531584.00
-2.63 -2.68 -2.61 -2.55 -2.15 -2.14 -2.13 -2.12 -2.12 -1.96 -1.99 170141000918782798866653488190622531584.00 170141000918782798866653488190622531584.00 170141000918782798866653488190622531584.00 -2.16 -2.10 -1.88 -1.56 -1.24 170141000918782798866653488190622531584.00 170141000918782798866653488190622531584.00 170141000918782798866653488190622531584.00 170141000918782798866653488190622531584.00 170141000918782798866653488190622531584.00 170141000918782798866653488190622531584.00 170141000918782798866653488190622531584.00 170141000918782798866653488190622531584.00 170141000918782798866653488190622531584.00 170141000918782798866653488190622531584.00 170141000918782798866653488190622531584.00 170141000918782798866653488190622531584.00
-2.62 -2.55 -2.48 -2.41 -2.01 -1.99 -1.98 -1.98 -1.81 -1.84 -1.89 -1.96 170141000918782798866653488190622531584.00 170141000918782798866653488190622531584.00 -2.22 -2.47 -2.03 -1.68 -1.34 -1.03 170141000918782798866653488190622531584.00 170141000918782798866653488190622531584.00 170141000918782798866653488190622531584.00 170141000918782798866653488190622531584.00 170141000918782798866653488190622531584.00 170141000918782798866653488190622531584.00 170141000918782798866653488190622531584.00 170141000918782798866653488190622531584.00 170141000918782798866653488190622531584.00 170141000918782798866653488190622531584.00 170141000918782798866653488190622531584.00
-2.50 -2.42 -2.35 -1.89 -1.87 -1.85 -1.83 -1.82 -1.66 -1.70 -1.76 -1.84 170141000918782798866653488190622531584.00 -1.86 -2.07 -2.15 -1.92 -1.59 -1.34 -1.04 -0.77 -0.55 170141000918782798866653488190622531584.00 170141000918782798866653488190622531584.00 170141000918782798866653488190622531584.00 170141000918782798866653488190622531584.00 170141000918782798866653488190622531584.00 170141000918782798866653488190622531584.00 170141000918782798866653488190622531584.00 170141000918782798866653488190622531584.00 170141000918782798866653488190622531584.00
-2.39 -2.30 -2.22 -1.76 -1.73 -1.69 -1.66 -1.71 -1.50 -1.53 -1.59 -1.34 170141000918782798866653488190622531584.00 -1.65 -1.77 -1.78 -1.65 -1.42 -1.15 -0.89 -0.65 -0.45 -0.28 170141000918782798866653488190622531584.00 170141000918782798866653488190622531584.00 170141000918782798866653488190622531584.00 170141000918782798866653488190622531584.00 170141000918782798866653488190622531584.00 170141000918782798866653488190622531584.00 170141000918782798866653488190622531584.00 170141000918782798866653488190622531584.00
-2.28 -2.19 -2.09 -1.63 -1.58 -1.54 -1.55 -1.52 -1.31 -0.94 -1.04 -1.15 -1.28 -1.39 -1.46 -1.45 -1.36 -1.19 -0.98 -0.76 -0.54 -0.35 -0.19 -0.07 0.01 170141000918782798866653488190622531584.00 170141000918782798866653488190622531584.00 170141000918782798866653488190622531584.00 170141000918782798866653488190622531584.00 170141000918782798866653488190622531584.00 170141000918782798866653488190622531584.00
