t190011.grd
DSAA
125 95
0.0 124
0.0 94
-4.820400 0.424521 
[rows 26 to 38 of 95, columns 31 to 61 of 125]
-2.43 -2.40 -2.45 -2.56 -2.66 -2.87 -3.09 -3.14 -3.09 -3.20 -3.55 -3.62 -3.87 -4.21 -4.31 -4.41 -4.49 -4.56 -4.47 -4.39 -4.48 -4.74 -4.69 -3.93 -3.87 -3.80 -3.72 -3.63 -3.55 -3.46 -3.19
-2.48 -2.38 -2.42 -2.52 -2.73 -2.85 -3.05 -3.14 -3.12 -3.24 -3.35 -3.66 -3.90 -4.18 -4.27 -4.36 -4.44 -4.51 -4.45 -4.38 -4.46 -4.33 -4.34 -3.91 -3.85 -3.78 -3.71 -3.63 -3.56 -3.48 -3.20
-2.48 -2.48 -2.08 -2.63 -2.73 -2.84 -2.59 -2.69 -3.15 -3.26 -3.37 -3.69 -3.91 -4.16 -4.24 -4.32 -4.40 -4.46 -4.43 -4.37 -4.44 -4.33 -4.34 -3.89 -3.83 -3.77 -3.70 -3.64 -3.57 -3.50 -3.21
-2.05 -1.96 -2.00 -2.04 -2.30 -2.38 -2.48 -2.58 -2.63 -2.75 -2.86 -2.97 -3.92 -4.15 -4.22 -4.29 -4.36 -4.43 -4.22 -4.36 -4.42 -4.33 -4.35 -4.36 -3.82 -3.76 -3.70 -3.64 -3.58 -3.52 -3.22
-1.99 -1.88 -1.91 -1.95 -2.19 -2.27 -2.36 -2.46 -2.54 -2.66 -2.77 -2.87 -3.09 -3.32 -4.21 -4.27 -4.34 -4.40 -4.20 -4.21 -4.41 -4.34 -4.35 -4.36 -3.81 -3.76 -3.70 -3.65 -3.59 -3.54 -3.24
-1.92 -1.80 -1.83 -1.86 -2.09 -2.16 -2.24 -2.33 -2.44 -2.55 -2.66 -2.76 -2.95 -3.19 -3.30 -3.40 -4.32 -4.37 -4.18 -4.20 -4.43 -4.34 -4.35 -4.36 -3.80 -3.75 -3.70 -3.66 -3.61 -3.56 -3.25
-2.01 -1.91 -2.03 -2.03 -2.08 -2.14 -2.21 -2.30 -2.39 -2.45 -2.55 -2.65 -2.83 -3.07 -3.18 -3.28 -3.38 -3.47 -4.17 -4.19 -4.43 -4.34 -4.35 -4.36 -3.82 -3.75 -3.71 -3.66 -3.62 -3.58 -3.26
-2.01 -2.04 -1.98 -1.98 -2.01 -2.06 -2.13 -2.20 -2.29 -2.39 -2.49 -2.54 -2.71 -2.82 -3.07 -3.17 -3.27 -3.37 -3.45 -4.18 -4.23 -4.34 -4.35 -4.36 -3.82 -3.78 -3.71 -3.67 -3.63 -3.60 -3.27
-2.03 -2.02 -1.89 -1.93 -1.95 -1.99 -2.04 -2.11 -2.20 -2.30 -2.40 -2.49 -2.58 -2.72 -2.96 -3.07 -3.17 -3.27 -3.36 -3.27 -3.33 -4.34 -4.35 -4.36 -3.82 -3.78 -3.72 -3.68 -3.65 -3.61 -3.28
-2.04 -1.94 -1.87 -1.83 -1.89 -1.91 -1.96 -2.03 -2.12 -2.21 -2.31 -2.41 -2.50 -2.58 -2.66 -2.97 -3.08 -3.18 -3.27 -3.19 -3.25 -3.44 -4.35 -3.85 -3.82 -3.78 -3.75 -3.69 -3.66 -3.63 -3.30
-2.06 -1.96 -1.87 -1.81 -1.76 -1.84 -1.88 -1.96 -2.05 -2.14 -2.24 -2.33 -2.42 -2.51 -2.58 -2.73 -3.00 -3.10 -3.19 -3.12 -3.19 -3.24 -3.44 -3.85 -3.82 -3.79 -3.76 -3.72 -3.68 -3.65 -3.17
-2.12 -1.98 -1.88 -1.81 -1.74 -1.68 -1.81 -1.90 -1.99 -2.09 -2.18 -2.27 -2.36 -2.44 -2.52 -2.66 -2.88 -2.97 -3.12 -3.05 -3.12 -3.18 -3.39 -3.45 -3.82 -3.79 -3.76 -3.73 -3.69 -3.23 -3.17
-2.16 -2.05 -1.91 -1.83 -1.75 -1.67 -1.67 -1.88 -1.97 -2.06 -2.14 -2.23 -2.31 -2.39 -2.46 -2.53 -2.82 -2.91 -2.99 -3.00 -3.07 -3.13 -3.34 -3.41 -3.82 -3.80 -3.77 -3.75 -3.72 -3.23 -3.15
