t190002.grd
DSAA
125 95
0.0 124
0.0 94
-7.879174 1.982598 
[rows 42 to 55 of 95, columns 93 to 123 of 125]
0.40 0.34 0.28 0.32 0.30 0.29 0.47 0.57 0.62 0.75 0.95 170141000918782798866653488190622531584.00 170141000918782798866653488190622531584.00 1.37 1.51 1.83 1.78 1.63 1.54 1.45 170141000918782798866653488190622531584.00 170141000918782798866653488190622531584.00 170141000918782798866653488190622531584.00 170141000918782798866653488190622531584.00 170141000918782798866653488190622531584.00 170141000918782798866653488190622531584.00 170141000918782798866653488190622531584.00 170141000918782798866653488190622531584.00 170141000918782798866653488190622531584.00 170141000918782798866653488190622531584.00 170141000918782798866653488190622531584.00
0.38 0.33 0.33 0.31 0.53 0.57 0.53 -0.21 -0.13 -0.04 170141000918782798866653488190622531584.00 170141000918782798866653488190622531584.00 170141000918782798866653488190622531584.00 0.52 0.95 1.00 0.90 0.97 0.95 0.91 170141000918782798866653488190622531584.00 170141000918782798866653488190622531584.00 170141000918782798866653488190622531584.00 170141000918782798866653488190622531584.00 170141000918782798866653488190622531584.00 170141000918782798866653488190622531584.00 170141000918782798866653488190622531584.00 170141000918782798866653488190622531584.00 170141000918782798866653488190622531584.00 170141000918782798866653488190622531584.00 170141000918782798866653488190622531584.00
0.37 0.40 0.32 0.53 0.56 0.60 -0.36 -0.31 -0.24 -0.17 -0.03 0.08 170141000918782798866653488190622531584.00 0.33 0.72 0.76 0.75 0.74 170141000918782798866653488190622531584.00 170141000918782798866653488190622531584.00 170141000918782798866653488190622531584.00 170141000918782798866653488190622531584.00 170141000918782798866653488190622531584.00 170141000918782798866653488190622531584.00 170141000918782798866653488190622531584.00 170141000918782798866653488190622531584.00 170141000918782798866653488190622531584.00 170141000918782798866653488190622531584.00 170141000918782798866653488190622531584.00 170141000918782798866653488190622531584.00 170141000918782798866653488190622531584.00
0.42 -0.24 -0.28 -0.32 -0.31 -0.49 -0.45 -0.41 -0.35 -0.29 -0.17 -0.07 170141000918782798866653488190622531584.00 170141000918782798866653488190622531584.00 170141000918782798866653488190622531584.00 170141000918782798866653488190622531584.00 0.51 170141000918782798866653488190622531584.00 170141000918782798866653488190622531584.00 170141000918782798866653488190622531584.00 170141000918782798866653488190622531584.00 170141000918782798866653488190622531584.00 170141000918782798866653488190622531584.00 170141000918782798866653488190622531584.00 170141000918782798866653488190622531584.00 170141000918782798866653488190622531584.00 170141000918782798866653488190622531584.00 170141000918782798866653488190622531584.00 170141000918782798866653488190622531584.00 170141000918782798866653488190622531584.00 170141000918782798866653488190622531584.00
1.11 1.03 0.94 0.84 -0.39 0.49 -0.54 -0.50 -0.46 -0.37 -0.31 -0.23 170141000918782798866653488190622531584.00 170141000918782798866653488190622531584.00 170141000918782798866653488190622531584.00 0.29 0.28 0.29 170141000918782798866653488190622531584.00 170141000918782798866653488190622531584.00 170141000918782798866653488190622531584.00 170141000918782798866653488190622531584.00 170141000918782798866653488190622531584.00 170141000918782798866653488190622531584.00 170141000918782798866653488190622531584.00 170141000918782798866653488190622531584.00 170141000918782798866653488190622531584.00 170141000918782798866653488190622531584.00 170141000918782798866653488190622531584.00 170141000918782798866653488190622531584.00 170141000918782798866653488190622531584.00
1.17 1.10 1.02 0.93 0.59 0.57 0.54 0.51 0.48 0.47 0.45 170141000918782798866653488190622531584.00 170141000918782798866653488190622531584.00 170141000918782798866653488190622531584.00 0.04 0.24 0.33 0.43 0.53 170141000918782798866653488190622531584.00 170141000918782798866653488190622531584.00 170141000918782798866653488190622531584.00 170141000918782798866653488190622531584.00 170141000918782798866653488190622531584.00 170141000918782798866653488190622531584.00 170141000918782798866653488190622531584.00 170141000918782798866653488190622531584.00 170141000918782798866653488190622531584.00 170141000918782798866653488190622531584.00 170141000918782798866653488190622531584.00 170141000918782798866653488190622531584.00
1.24 1.18 1.10 1.02 0.68 0.66 0.63 0.60 0.56 0.53 0.50 0.46 170141000918782798866653488190622531584.00 170141000918782798866653488190622531584.00 0.51 0.44 0.49 0.33 0.44 0.56 170141000918782798866653488190622531584.00 170141000918782798866653488190622531584.00 170141000918782798866653488190622531584.00 170141000918782798866653488190622531584.00 170141000918782798866653488190622531584.00 170141000918782798866653488190622531584.00 170141000918782798866653488190622531584.00 170141000918782798866653488190622531584.00 170141000918782798866653488190622531584.00 170141000918782798866653488190622531584.00 170141000918782798866653488190622531584.00
1.32 1.26 1.19 0.80 0.78 0.75 0.73 0.69 0.64 0.61 0.57 0.52 170141000918782798866653488190622531584.00 0.62 0.53 0.48 0.51 0.57 0.39 0.51 0.63 0.74 170141000918782798866653488190622531584.00 170141000918782798866653488190622531584.00 170141000918782798866653488190622531584.00 170141000918782798866653488190622531584.00 170141000918782798866653488190622531584.00 170141000918782798866653488190622531584.00 170141000918782798866653488190622531584.00 170141000918782798866653488190622531584.00 170141000918782798866653488190622531584.00
1.40 1.35 1.29 0.90 0.88 0.86 0.83 0.75 0.74 0.71 0.67 0.88 170141000918782798866653488190622531584.00 0.69 0.61 0.57 0.58 0.62 0.65 0.73 0.80 0.88 0.94 170141000918782798866653488190622531584.00 170141000918782798866653488190622531584.00 170141000918782798866653488190622531584.00 170141000918782798866653488190622531584.00 170141000918782798866653488190622531584.00 170141000918782798866653488190622531584.00 170141000918782798866653488190622531584.00 170141000918782798866653488190622531584.00
1.48 1.44 1.39 1.00 0.99 0.98 0.91 0.89 0.86 1.14 1.06 0.97 0.88 0.79 0.73 0.69 0.68 0.71 0.75 0.81 0.88 0.94 1.00 1.05 1.09 170141000918782798866653488190622531584.00 170141000918782798866653488190622531584.00 170141000918782798866653488190622531584.00 170141000918782798866653488190622531584.00 170141000918782798866653488190622531584.00 170141000918782798866653488190622531584.00
1.56 1.52 1.11 1.11 1.11 1.05 1.04 1.02 1.30 1.24 1.16 1.08 1.00 0.92 0.86 0.82 0.80 0.81 0.86 0.91 0.97 1.02 1.07 1.12 1.15 170141000918782798866653488190622531584.00 170141000918782798866653488190622531584.00 170141000918782798866653488190622531584.00 170141000918782798866653488190622531584.00 170141000918782798866653488190622531584.00 170141000918782798866653488190622531584.00
1.64 1.61 1.22 1.22 1.18 1.18 1.18 1.45 1.40 1.34 1.28 1.20 1.13 1.06 0.99 0.95 0.93 0.93 0.99 1.02 1.07 1.11 1.15 1.19 1.21 170141000918782798866653488190622531584.00 170141000918782798866653488190622531584.00 170141000918782798866653488190622531584.00 170141000918782798866653488190622531584.00 170141000918782798866653488190622531584.00 170141000918782798866653488190622531584.00
1.57 1.57 1.32 1.28 1.29 1.29 1.30 1.54 1.51 1.46 1.41 1.34 1.27 1.20 1.13 1.09 1.06 1.05 1.11 1.13 1.17 1.20 1.24 1.26 1.27 170141000918782798866653488190622531584.00 170141000918782798866653488190622531584.00 170141000918782798866653488190622531584.00 170141000918782798866653488190622531584.00 170141000918782798866653488190622531584.00 170141000918782798866653488190622531584.00
1.69 1.65 1.66 1.51 1.39 1.41 1.42 1.64 1.61 1.58 1.54 1.48 1.41 1.34 1.27 170141000918782798866653488190622531584.00 1.18 1.16 1.23 1.24 1.26 1.29 1.31 1.33 170141000918782798866653488190622531584.00 170141000918782798866653488190622531584.00 170141000918782798866653488190622531584.00 170141000918782798866653488190622531584.00 170141000918782798866653488190622531584.00 170141000918782798866653488190622531584.00 170141000918782798866653488190622531584.00
