t190004.grd
DSAA
125 95
0.0 124
0.0 94
-2.138889 5.570905 
[rows 14 to 27 of 95, columns 31 to 61 of 125]
170141000918782798866653488190622531584.00 170141000918782798866653488190622531584.00 170141000918782798866653488190622531584.00 170141000918782798866653488190622531584.00 170141000918782798866653488190622531584.00 170141000918782798866653488190622531584.00 170141000918782798866653488190622531584.00 170141000918782798866653488190622531584.00 170141000918782798866653488190622531584.00 170141000918782798866653488190622531584.00 170141000918782798866653488190622531584.00 170141000918782798866653488190622531584.00 170141000918782798866653488190622531584.00 170141000918782798866653488190622531584.00 170141000918782798866653488190622531584.00 170141000918782798866653488190622531584.00 170141000918782798866653488190622531584.00 170141000918782798866653488190622531584.00 170141000918782798866653488190622531584.00 170141000918782798866653488190622531584.00 170141000918782798866653488190622531584.00 170141000918782798866653488190622531584.00 170141000918782798866653488190622531584.00 170141000918782798866653488190622531584.00 170141000918782798866653488190622531584.00 170141000918782798866653488190622531584.00 170141000918782798866653488190622531584.00 170141000918782798866653488190622531584.00 170141000918782798866653488190622531584.00 170141000918782798866653488190622531584.00 170141000918782798866653488190622531584.00
1.78 1.83 2.07 2.22 2.39 2.94 3.26 3.42 3.70 4.19 4.31 4.42 4.94 4.89 5.14 4.98 4.85 4.50 4.56 170141000918782798866653488190622531584.00 170141000918782798866653488190622531584.00 170141000918782798866653488190622531584.00 170141000918782798866653488190622531584.00 170141000918782798866653488190622531584.00 170141000918782798866653488190622531584.00 170141000918782798866653488190622531584.00 170141000918782798866653488190622531584.00 170141000918782798866653488190622531584.00 170141000918782798866653488190622531584.00 170141000918782798866653488190622531584.00 170141000918782798866653488190622531584.00
1.78 1.81 2.04 2.22 2.42 2.94 3.28 3.45 3.75 4.22 4.38 5.02 5.00 4.93 5.11 4.93 4.80 4.51 4.58 4.76 4.96 4.87 4.90 4.92 5.01 170141000918782798866653488190622531584.00 170141000918782798866653488190622531584.00 170141000918782798866653488190622531584.00 170141000918782798866653488190622531584.00 170141000918782798866653488190622531584.00 170141000918782798866653488190622531584.00
1.79 1.79 2.02 2.24 2.45 2.96 3.31 3.50 3.80 4.25 4.45 5.09 5.11 5.00 5.04 4.86 4.75 4.53 4.71 4.79 4.95 4.85 4.88 4.91 5.02 5.06 5.07 5.07 5.05 170141000918782798866653488190622531584.00 5.01
1.85 1.87 2.02 2.29 2.50 3.01 3.37 3.57 4.05 4.30 4.48 5.23 5.32 5.08 4.93 4.75 4.70 4.55 4.74 4.81 4.94 4.82 4.84 4.89 5.04 5.10 5.12 5.11 5.07 5.04 5.01
1.92 2.06 2.12 2.23 2.56 2.71 3.46 3.58 4.02 4.27 4.63 5.45 5.57 5.15 4.85 4.68 4.72 4.58 4.77 4.83 4.93 4.79 4.77 4.85 5.06 5.15 5.19 5.14 5.09 5.04 5.00
1.97 2.15 2.22 2.32 2.42 2.73 2.92 3.54 3.99 4.24 4.72 4.93 5.40 5.35 5.00 4.83 4.78 4.61 4.78 4.84 4.92 4.77 4.76 4.84 5.06 5.16 5.21 5.15 5.09 5.03 4.98
2.10 2.26 2.33 2.41 2.49 2.65 2.92 3.63 3.92 4.15 4.53 4.63 5.29 5.38 5.12 4.94 4.83 4.61 4.78 4.84 4.93 4.79 4.81 4.97 5.04 5.11 5.14 5.12 5.07 5.03 4.99
2.23 2.40 2.44 2.50 2.63 2.72 3.08 3.67 3.78 4.23 4.35 4.49 4.53 4.89 4.22 4.29 4.36 4.41 4.77 4.83 4.94 4.82 4.84 4.99 5.03 5.07 5.09 5.08 5.06 5.03 4.46
2.35 2.38 2.56 2.60 2.81 2.87 3.07 3.23 3.61 3.97 4.09 4.25 4.30 4.26 4.19 4.26 4.32 4.37 4.77 4.82 4.95 4.84 4.86 5.00 5.03 5.05 5.06 5.06 5.04 5.02 4.43
2.47 2.51 2.69 2.81 2.86 2.90 3.00 3.20 3.58 3.68 3.88 4.06 4.12 4.34 4.08 4.22 4.28 4.33 4.58 4.66 4.96 4.85 4.87 5.01 5.02 5.03 5.04 5.04 5.03 5.02 4.40
2.56 2.62 2.82 2.87 2.90 2.99 3.04 3.20 3.46 3.54 3.79 3.94 4.00 4.19 4.06 4.12 4.25 4.30 4.54 4.61 4.96 4.86 4.87 5.01 5.02 5.02 5.03 5.03 5.02 5.02 4.37
2.63 2.75 2.90 2.91 2.93 3.03 3.09 3.18 3.39 3.50 3.76 3.87 3.90 3.97 4.03 4.08 4.13 4.17 4.51 4.57 4.56 4.87 4.88 5.02 5.02 5.02 5.02 5.02 5.02 5.01 4.36
2.52 2.76 2.83 2.92 3.04 3.08 3.14 3.19 3.34 3.45 3.58 3.82 3.88 3.92 3.99 4.04 4.09 4.13 4.48 4.53 4.54 4.56 4.59 5.02 5.02 5.02 5.02 5.01 5.01 5.01 4.35
