t190002.grd
DSAA
125 95
0.0 124
0.0 94
-7.879174 1.982598 
[rows 28 to 41 of 95, columns 62 to 92 of 125]
-6.60 -6.59 -6.57 -5.60 -5.49 -5.36 -5.23 -5.10 -4.66 -4.47 -4.20 -3.88 -3.62 -3.28 -3.06 -2.85 -2.64 -2.45 -1.28 -1.28 -1.06 -0.99 -0.91 -0.82 -0.77 -0.89 -0.83 -0.03 0.33 0.23 0.12
-6.58 -6.57 -6.56 -5.48 -5.37 -5.25 -5.12 -4.98 -4.54 -4.36 -4.03 -3.76 -3.50 -3.16 -2.93 -2.73 -2.53 -2.34 -1.27 -1.08 -1.01 -0.94 -0.33 -0.23 -0.12 -0.07 0.06 0.49 0.41 0.32 0.22
-6.57 -6.56 -5.48 -5.38 -5.27 -5.14 -5.01 -4.88 -4.44 -4.26 -3.92 -3.64 -3.39 -3.04 -2.82 -2.61 -2.41 -2.23 -1.12 -1.03 -0.42 -0.32 -0.23 -0.21 -0.16 -0.06 -0.01 0.57 0.50 0.41 0.32
-6.56 -6.55 -5.39 -5.28 -5.17 -5.05 -4.92 -4.78 -4.34 -4.17 -3.82 -3.52 -3.28 -3.03 -2.69 -2.50 -2.30 -2.13 -0.49 -0.41 -0.37 -0.26 -0.21 -0.08 -0.04 0.02 0.35 0.65 0.58 0.51 0.42
-6.55 -5.39 -5.30 -5.19 -5.08 -4.96 -4.83 -4.69 -4.55 -4.07 -3.73 -3.42 -3.19 -3.03 -2.59 -2.40 -1.52 -1.31 -0.42 -0.35 -0.26 -0.18 -0.18 -0.03 0.04 0.40 0.41 0.60 0.57 0.27 0.25
-6.55 -5.32 -5.22 -5.11 -5.00 -4.88 -4.74 -4.61 -4.49 -4.34 -3.74 -3.38 -3.18 -2.96 -1.83 -1.61 -1.40 -1.06 -0.34 -0.26 -0.18 -0.04 0.15 0.37 0.40 0.43 0.30 0.65 0.62 0.39 0.37
-5.34 -5.25 -5.15 -5.04 -4.93 -4.78 -4.67 -4.56 -4.42 -4.31 -4.16 -3.48 -3.09 -2.23 -1.70 -1.49 170141000918782798866653488190622531584.00 -0.33 -0.26 -0.08 -0.02 0.15 0.32 0.35 0.39 0.35 0.37 0.39 0.50 0.49 0.47
-5.27 -5.18 -5.09 -4.98 -4.83 -4.72 -4.63 -4.50 -4.41 -4.27 -4.12 -3.98 -3.25 -1.78 -1.58 -1.39 170141000918782798866653488190622531584.00 -0.26 -0.06 0.07 0.05 0.31 0.34 0.38 0.38 0.40 0.42 0.44 0.59 0.57 0.55
-5.22 -5.13 -5.03 -4.87 -4.77 -4.70 -4.58 -4.51 -4.37 -4.23 -4.10 -3.96 170141000918782798866653488190622531584.00 170141000918782798866653488190622531584.00 -1.45 -1.29 -1.05 -0.04 0.04 0.03 0.30 0.33 0.37 0.41 0.43 0.45 0.47 0.51 0.66 0.64 0.62
-5.17 -5.00 -4.92 -4.86 -4.76 -4.73 -4.60 -4.47 -4.34 -4.21 -4.08 170141000918782798866653488190622531584.00 170141000918782798866653488190622531584.00 170141000918782798866653488190622531584.00 170141000918782798866653488190622531584.00 -1.18 -0.82 0.07 0.02 0.29 0.32 0.36 0.43 0.45 0.48 0.50 0.56 0.57 0.57 0.66 0.62
-5.03 -5.01 -4.92 -4.92 -4.81 -4.69 -4.56 170141000918782798866653488190622531584.00 -4.32 170141000918782798866653488190622531584.00 170141000918782798866653488190622531584.00 170141000918782798866653488190622531584.00 170141000918782798866653488190622531584.00 170141000918782798866653488190622531584.00 -1.27 -1.10 0.41 0.02 0.05 0.31 0.35 0.44 0.47 0.49 0.51 0.53 0.61 0.63 0.62 0.68 0.55
170141000918782798866653488190622531584.00 170141000918782798866653488190622531584.00 170141000918782798866653488190622531584.00 170141000918782798866653488190622531584.00 170141000918782798866653488190622531584.00 170141000918782798866653488190622531584.00 170141000918782798866653488190622531584.00 170141000918782798866653488190622531584.00 170141000918782798866653488190622531584.00 170141000918782798866653488190622531584.00 170141000918782798866653488190622531584.00 170141000918782798866653488190622531584.00 170141000918782798866653488190622531584.00 170141000918782798866653488190622531584.00 170141000918782798866653488190622531584.00 170141000918782798866653488190622531584.00 0.56 0.44 0.31 0.33 0.36 0.47 0.50 0.52 0.55 0.64 0.66 0.61 0.60 0.57 0.52
170141000918782798866653488190622531584.00 170141000918782798866653488190622531584.00 170141000918782798866653488190622531584.00 170141000918782798866653488190622531584.00 170141000918782798866653488190622531584.00 170141000918782798866653488190622531584.00 170141000918782798866653488190622531584.00 170141000918782798866653488190622531584.00 170141000918782798866653488190622531584.00 170141000918782798866653488190622531584.00 170141000918782798866653488190622531584.00 170141000918782798866653488190622531584.00 170141000918782798866653488190622531584.00 170141000918782798866653488190622531584.00 170141000918782798866653488190622531584.00 170141000918782798866653488190622531584.00 0.56 0.45 0.46 0.48 0.47 0.50 0.53 0.55 0.68 0.69 0.63 0.62 0.55 0.54 0.49
170141000918782798866653488190622531584.00 170141000918782798866653488190622531584.00 170141000918782798866653488190622531584.00 170141000918782798866653488190622531584.00 170141000918782798866653488190622531584.00 170141000918782798866653488190622531584.00 170141000918782798866653488190622531584.00 170141000918782798866653488190622531584.00 170141000918782798866653488190622531584.00 170141000918782798866653488190622531584.00 170141000918782798866653488190622531584.00 170141000918782798866653488190622531584.00 170141000918782798866653488190622531584.00 170141000918782798866653488190622531584.00 170141000918782798866653488190622531584.00 170141000918782798866653488190622531584.00 0.55 0.56 0.47 0.48 0.49 0.52 0.55 0.69 0.64 0.64 0.64 0.55 0.53 0.52 0.47
