t190006.grd
DSAA
125 95
0.0 124
0.0 94
-3.252578 1.682239 
[rows 28 to 41 of 95, columns 31 to 61 of 125]
-0.20 -0.21 -0.11 -0.18 -0.18 -0.17 -0.12 -0.11 -0.03 -0.02 0.01 0.23 0.16 0.26 0.31 0.35 0.39 0.44 0.70 0.78 0.90 1.08 1.13 1.39 1.40 1.41 1.42 1.42 1.42 1.42 1.38
-0.07 -0.07 -0.07 -0.06 -0.09 -0.08 -0.06 -0.05 -0.02 -0.01 -0.00 0.00 0.18 0.28 0.32 0.35 0.39 0.43 0.56 0.78 0.90 1.08 1.13 1.17 1.40 1.41 1.41 1.41 1.41 1.41 1.38
-0.02 -0.02 -0.01 -0.01 -0.03 -0.02 -0.00 0.00 0.03 0.03 0.03 0.03 0.19 0.27 0.33 0.36 0.39 0.43 0.55 0.59 0.90 1.08 1.12 1.16 1.40 1.40 1.40 1.41 1.41 1.40 1.38
0.02 0.03 0.04 0.06 0.03 0.05 0.06 0.06 0.09 0.08 0.07 0.06 0.13 0.30 0.31 0.33 0.41 0.44 0.56 0.59 0.98 1.09 1.12 1.16 1.39 1.40 1.40 1.40 1.40 1.40 1.38
-0.03 -0.01 -0.06 -0.01 0.03 0.06 0.08 0.09 0.09 0.13 0.12 0.10 0.17 0.34 0.34 0.35 0.37 0.39 0.57 0.60 0.99 1.10 1.13 1.15 1.20 1.39 1.39 1.39 1.39 1.39 1.38
-0.01 -0.06 -0.02 0.04 0.08 0.11 0.13 0.14 0.14 0.13 0.10 0.13 0.20 0.19 0.38 0.38 0.39 0.41 0.43 0.61 0.70 1.11 1.13 1.15 1.20 1.22 1.39 1.39 1.39 1.39 1.38
-0.09 -0.03 -0.02 0.07 0.11 0.15 0.17 0.18 0.18 0.16 0.14 0.11 0.07 0.22 0.41 0.41 0.42 0.43 0.44 0.40 0.41 1.11 1.14 1.16 1.21 1.22 1.39 1.39 1.39 1.38 1.38
-0.08 -0.02 -0.00 0.05 0.14 0.17 0.20 0.21 0.21 0.19 0.17 0.13 0.09 0.05 0.01 0.44 0.44 0.44 0.45 0.40 0.41 1.00 1.14 1.20 1.21 1.22 1.24 1.38 1.38 1.38 1.39
-0.08 -0.02 -0.00 0.06 0.11 0.18 0.21 0.22 0.23 0.21 0.19 0.15 0.11 0.07 0.02 0.23 0.46 0.46 0.47 0.41 0.42 0.59 1.03 1.21 1.22 1.23 1.24 1.25 1.38 1.38 1.06
-0.52 -0.04 -0.02 0.05 0.10 0.14 0.20 0.22 0.23 0.22 0.19 0.16 0.12 0.07 0.03 0.24 0.17 0.15 0.48 0.41 0.42 0.59 1.04 1.06 1.22 1.23 1.24 1.25 1.38 1.08 1.06
-0.51 -0.39 -0.05 0.01 0.07 0.12 0.15 0.20 0.21 0.21 0.19 0.15 0.11 0.07 0.03 -0.01 0.17 0.15 0.14 0.41 0.42 0.59 1.04 1.06 1.23 1.24 1.25 1.25 1.26 1.08 1.04
-0.51 -0.40 -0.10 -0.03 0.03 0.08 0.14 0.17 0.17 0.18 0.17 0.14 0.10 0.06 0.02 -0.01 0.17 0.15 0.14 0.13 0.42 0.58 0.60 1.06 1.08 1.10 1.25 1.29 1.62 1.52 0.71
-0.53 -0.43 -0.34 -0.09 -0.03 0.03 0.10 0.13 0.14 0.13 0.11 0.08 0.08 0.04 0.01 -0.02 -0.01 -0.03 -0.05 -0.06 -0.07 0.05 0.27 0.27 0.28 0.28 170141000918782798866653488190622531584.00 170141000918782798866653488190622531584.00 170141000918782798866653488190622531584.00 170141000918782798866653488190622531584.00 170141000918782798866653488190622531584.00
170141000918782798866653488190622531584.00 170141000918782798866653488190622531584.00 170141000918782798866653488190622531584.00 170141000918782798866653488190622531584.00 170141000918782798866653488190622531584.00 170141000918782798866653488190622531584.00 170141000918782798866653488190622531584.00 170141000918782798866653488190622531584.00 170141000918782798866653488190622531584.00 170141000918782798866653488190622531584.00 170141000918782798866653488190622531584.00 170141000918782798866653488190622531584.00 170141000918782798866653488190622531584.00 170141000918782798866653488190622531584.00 170141000918782798866653488190622531584.00 0.01 -0.02 -0.04 -0.05 -0.07 -0.01 0.27 0.27 0.27 0.27 0.27 170141000918782798866653488190622531584.00 170141000918782798866653488190622531584.00 170141000918782798866653488190622531584.00 170141000918782798866653488190622531584.00 170141000918782798866653488190622531584.00
