t190008.grd
DSAA
125 95
0.0 124
0.0 94
-4.679367 3.495028 
[rows 42 to 55 of 95, columns 93 to 123 of 125]
-0.87 -0.89 -0.91 -1.03 -1.03 -1.02 -1.02 -0.97 -0.91 -0.85 -0.61 170141000918782798866653488190622531584.00 170141000918782798866653488190622531584.00 -0.99 -1.07 -1.19 -1.20 -1.12 -1.11 -1.09 170141000918782798866653488190622531584.00 170141000918782798866653488190622531584.00 170141000918782798866653488190622531584.00 170141000918782798866653488190622531584.00 170141000918782798866653488190622531584.00 170141000918782798866653488190622531584.00 170141000918782798866653488190622531584.00 170141000918782798866653488190622531584.00 170141000918782798866653488190622531584.00 170141000918782798866653488190622531584.00 170141000918782798866653488190622531584.00
-0.89 -0.91 -0.95 -1.05 -0.97 -0.96 -1.01 -0.77 -0.71 -0.65 170141000918782798866653488190622531584.00 170141000918782798866653488190622531584.00 170141000918782798866653488190622531584.00 -0.62 -0.81 -0.88 -0.84 -0.89 -0.91 -0.91 170141000918782798866653488190622531584.00 170141000918782798866653488190622531584.00 170141000918782798866653488190622531584.00 170141000918782798866653488190622531584.00 170141000918782798866653488190622531584.00 170141000918782798866653488190622531584.00 170141000918782798866653488190622531584.00 170141000918782798866653488190622531584.00 170141000918782798866653488190622531584.00 170141000918782798866653488190622531584.00 170141000918782798866653488190622531584.00
-0.90 -0.92 -0.96 -0.98 -0.97 -0.96 -0.78 -0.72 -0.66 -0.61 -0.39 -0.44 170141000918782798866653488190622531584.00 -0.58 -0.75 -0.81 -0.81 -0.83 170141000918782798866653488190622531584.00 170141000918782798866653488190622531584.00 170141000918782798866653488190622531584.00 170141000918782798866653488190622531584.00 170141000918782798866653488190622531584.00 170141000918782798866653488190622531584.00 170141000918782798866653488190622531584.00 170141000918782798866653488190622531584.00 170141000918782798866653488190622531584.00 170141000918782798866653488190622531584.00 170141000918782798866653488190622531584.00 170141000918782798866653488190622531584.00 170141000918782798866653488190622531584.00
-0.90 -0.83 -0.82 -0.80 -0.81 -0.78 -0.73 -0.68 -0.62 -0.56 -0.35 -0.41 170141000918782798866653488190622531584.00 170141000918782798866653488190622531584.00 170141000918782798866653488190622531584.00 170141000918782798866653488190622531584.00 -0.75 170141000918782798866653488190622531584.00 170141000918782798866653488190622531584.00 170141000918782798866653488190622531584.00 170141000918782798866653488190622531584.00 170141000918782798866653488190622531584.00 170141000918782798866653488190622531584.00 170141000918782798866653488190622531584.00 170141000918782798866653488190622531584.00 170141000918782798866653488190622531584.00 170141000918782798866653488190622531584.00 170141000918782798866653488190622531584.00 170141000918782798866653488190622531584.00 170141000918782798866653488190622531584.00 170141000918782798866653488190622531584.00
-1.16 -0.81 -1.13 -1.10 -0.78 -1.03 -0.69 -0.63 -0.58 -0.55 -0.32 -0.37 170141000918782798866653488190622531584.00 170141000918782798866653488190622531584.00 170141000918782798866653488190622531584.00 -0.68 -0.69 -0.72 170141000918782798866653488190622531584.00 170141000918782798866653488190622531584.00 170141000918782798866653488190622531584.00 170141000918782798866653488190622531584.00 170141000918782798866653488190622531584.00 170141000918782798866653488190622531584.00 170141000918782798866653488190622531584.00 170141000918782798866653488190622531584.00 170141000918782798866653488190622531584.00 170141000918782798866653488190622531584.00 170141000918782798866653488190622531584.00 170141000918782798866653488190622531584.00 170141000918782798866653488190622531584.00
-1.18 -1.16 -1.14 -1.12 -1.09 -1.03 -0.97 -0.90 -0.83 -0.54 -0.56 170141000918782798866653488190622531584.00 170141000918782798866653488190622531584.00 170141000918782798866653488190622531584.00 -0.56 -0.90 -1.02 -1.15 -1.28 170141000918782798866653488190622531584.00 170141000918782798866653488190622531584.00 170141000918782798866653488190622531584.00 170141000918782798866653488190622531584.00 170141000918782798866653488190622531584.00 170141000918782798866653488190622531584.00 170141000918782798866653488190622531584.00 170141000918782798866653488190622531584.00 170141000918782798866653488190622531584.00 170141000918782798866653488190622531584.00 170141000918782798866653488190622531584.00 170141000918782798866653488190622531584.00
-1.19 -1.17 -1.15 -1.13 -1.09 -1.04 -0.98 -0.91 -0.57 -0.58 -0.59 -0.60 170141000918782798866653488190622531584.00 170141000918782798866653488190622531584.00 -0.83 -0.96 -1.12 -1.23 -1.37 -1.50 170141000918782798866653488190622531584.00 170141000918782798866653488190622531584.00 170141000918782798866653488190622531584.00 170141000918782798866653488190622531584.00 170141000918782798866653488190622531584.00 170141000918782798866653488190622531584.00 170141000918782798866653488190622531584.00 170141000918782798866653488190622531584.00 170141000918782798866653488190622531584.00 170141000918782798866653488190622531584.00 170141000918782798866653488190622531584.00
-1.19 -1.18 -1.16 -1.13 -1.09 -1.04 -0.99 -0.93 -0.61 -0.61 -0.62 -0.63 170141000918782798866653488190622531584.00 -0.79 -0.90 -1.04 -1.19 -1.36 -1.46 -1.60 -1.73 -1.85 170141000918782798866653488190622531584.00 170141000918782798866653488190622531584.00 170141000918782798866653488190622531584.00 170141000918782798866653488190622531584.00 170141000918782798866653488190622531584.00 170141000918782798866653488190622531584.00 170141000918782798866653488190622531584.00 170141000918782798866653488190622531584.00 170141000918782798866653488190622531584.00
-1.20 -1.19 -1.17 -1.14 -1.10 -1.06 -1.01 -0.90 -0.66 -0.66 -0.66 -0.67 170141000918782798866653488190622531584.00 -0.87 -0.99 -1.13 -1.28 -1.45 -1.57 -1.71 -1.84 -1.96 -2.06 170141000918782798866653488190622531584.00 170141000918782798866653488190622531584.00 170141000918782798866653488190622531584.00 170141000918782798866653488190622531584.00 170141000918782798866653488190622531584.00 170141000918782798866653488190622531584.00 170141000918782798866653488190622531584.00 170141000918782798866653488190622531584.00
-1.21 -1.20 -1.18 -1.14 -1.11 -1.07 -0.95 -0.92 -0.71 -0.63 -0.68 -0.76 -0.85 -0.96 -1.08 -1.22 -1.37 -1.54 -1.67 -1.81 -1.94 -2.07 -2.17 -2.26 -2.34 170141000918782798866653488190622531584.00 170141000918782798866653488190622531584.00 170141000918782798866653488190622531584.00 170141000918782798866653488190622531584.00 170141000918782798866653488190622531584.00 170141000918782798866653488190622531584.00
-1.21 -1.21 -1.17 -1.15 -1.12 -1.01 -0.98 -0.77 -0.66 -0.71 -0.77 -0.85 -0.94 -1.05 -1.18 -1.32 -1.47 -1.63 -1.77 -1.91 -2.05 -2.17 -2.28 -2.37 -2.44 170141000918782798866653488190622531584.00 170141000918782798866653488190622531584.00 170141000918782798866653488190622531584.00 170141000918782798866653488190622531584.00 170141000918782798866653488190622531584.00 170141000918782798866653488190622531584.00
-1.22 -1.21 -1.18 -1.16 -1.06 -1.03 -1.01 -0.71 -0.75 -0.80 -0.86 -0.95 -1.04 -1.15 -1.28 -1.42 -1.57 -1.73 -1.87 -2.01 -2.15 -2.27 -2.38 -2.47 -2.53 170141000918782798866653488190622531584.00 170141000918782798866653488190622531584.00 170141000918782798866653488190622531584.00 170141000918782798866653488190622531584.00 170141000918782798866653488190622531584.00 170141000918782798866653488190622531584.00
-1.23 -1.23 -1.19 -1.11 -1.09 -0.90 -0.89 -0.80 -0.84 -0.89 -0.96 -1.05 -1.14 -1.25 -1.38 -1.52 -1.66 -1.81 -1.97 -2.11 -2.24 -2.36 -2.47 -2.55 -2.62 170141000918782798866653488190622531584.00 170141000918782798866653488190622531584.00 170141000918782798866653488190622531584.00 170141000918782798866653488190622531584.00 170141000918782798866653488190622531584.00 170141000918782798866653488190622531584.00
-1.25 -1.23 -1.22 -0.97 -0.97 -0.95 -0.95 -0.88 -0.93 -0.99 -1.06 -1.15 -1.24 -1.35 -1.47 170141000918782798866653488190622531584.00 -1.75 -1.90 -2.05 -2.19 -2.32 -2.43 -2.54 -2.62 170141000918782798866653488190622531584.00 170141000918782798866653488190622531584.00 170141000918782798866653488190622531584.00 170141000918782798866653488190622531584.00 170141000918782798866653488190622531584.00 170141000918782798866653488190622531584.00 170141000918782798866653488190622531584.00
