t190009.grd
DSAA
125 95
0.0 124
0.0 94
-2.978251 2.408821 
[rows 14 to 27 of 95, columns 62 to 92 of 125]
170141000918782798866653488190622531584.00 170141000918782798866653488190622531584.00 170141000918782798866653488190622531584.00 170141000918782798866653488190622531584.00 170141000918782798866653488190622531584.00 170141000918782798866653488190622531584.00 170141000918782798866653488190622531584.00 170141000918782798866653488190622531584.00 170141000918782798866653488190622531584.00 170141000918782798866653488190622531584.00 170141000918782798866653488190622531584.00 170141000918782798866653488190622531584.00 170141000918782798866653488190622531584.00 170141000918782798866653488190622531584.00 170141000918782798866653488190622531584.00 170141000918782798866653488190622531584.00 170141000918782798866653488190622531584.00 170141000918782798866653488190622531584.00 170141000918782798866653488190622531584.00 170141000918782798866653488190622531584.00 170141000918782798866653488190622531584.00 170141000918782798866653488190622531584.00 170141000918782798866653488190622531584.00 1.96 1.88 1.76 1.48 1.82 1.91 1.72 170141000918782798866653488190622531584.00
170141000918782798866653488190622531584.00 170141000918782798866653488190622531584.00 170141000918782798866653488190622531584.00 170141000918782798866653488190622531584.00 170141000918782798866653488190622531584.00 170141000918782798866653488190622531584.00 170141000918782798866653488190622531584.00 170141000918782798866653488190622531584.00 170141000918782798866653488190622531584.00 170141000918782798866653488190622531584.00 170141000918782798866653488190622531584.00 170141000918782798866653488190622531584.00 170141000918782798866653488190622531584.00 170141000918782798866653488190622531584.00 170141000918782798866653488190622531584.00 170141000918782798866653488190622531584.00 170141000918782798866653488190622531584.00 170141000918782798866653488190622531584.00 170141000918782798866653488190622531584.00 170141000918782798866653488190622531584.00 170141000918782798866653488190622531584.00 170141000918782798866653488190622531584.00 170141000918782798866653488190622531584.00 2.08 2.05 2.17 2.00 1.59 1.53 1.59 1.75
170141000918782798866653488190622531584.00 170141000918782798866653488190622531584.00 170141000918782798866653488190622531584.00 170141000918782798866653488190622531584.00 170141000918782798866653488190622531584.00 170141000918782798866653488190622531584.00 170141000918782798866653488190622531584.00 170141000918782798866653488190622531584.00 170141000918782798866653488190622531584.00 170141000918782798866653488190622531584.00 170141000918782798866653488190622531584.00 170141000918782798866653488190622531584.00 170141000918782798866653488190622531584.00 170141000918782798866653488190622531584.00 170141000918782798866653488190622531584.00 170141000918782798866653488190622531584.00 170141000918782798866653488190622531584.00 170141000918782798866653488190622531584.00 170141000918782798866653488190622531584.00 170141000918782798866653488190622531584.00 170141000918782798866653488190622531584.00 170141000918782798866653488190622531584.00 170141000918782798866653488190622531584.00 2.41 2.32 2.24 2.04 1.90 1.87 1.84 2.00
0.47 0.57 170141000918782798866653488190622531584.00 0.74 0.82 0.89 170141000918782798866653488190622531584.00 170141000918782798866653488190622531584.00 170141000918782798866653488190622531584.00 170141000918782798866653488190622531584.00 170141000918782798866653488190622531584.00 170141000918782798866653488190622531584.00 170141000918782798866653488190622531584.00 170141000918782798866653488190622531584.00 170141000918782798866653488190622531584.00 170141000918782798866653488190622531584.00 170141000918782798866653488190622531584.00 170141000918782798866653488190622531584.00 170141000918782798866653488190622531584.00 170141000918782798866653488190622531584.00 170141000918782798866653488190622531584.00 170141000918782798866653488190622531584.00 2.07 2.10 2.11 2.00 1.94 2.08 2.27 2.15 170141000918782798866653488190622531584.00
0.52 0.62 0.70 0.79 0.87 0.96 1.04 1.11 1.30 170141000918782798866653488190622531584.00 170141000918782798866653488190622531584.00 170141000918782798866653488190622531584.00 170141000918782798866653488190622531584.00 170141000918782798866653488190622531584.00 170141000918782798866653488190622531584.00 170141000918782798866653488190622531584.00 1.60 1.92 1.93 1.94 1.95 1.96 1.96 1.93 1.79 1.64 2.07 2.30 2.14 2.17 2.07
0.58 0.66 0.74 0.82 0.91 1.00 1.11 1.23 1.25 170141000918782798866653488190622531584.00 170141000918782798866653488190622531584.00 170141000918782798866653488190622531584.00 170141000918782798866653488190622531584.00 170141000918782798866653488190622531584.00 170141000918782798866653488190622531584.00 1.55 1.56 1.89 1.89 1.89 1.89 1.88 1.87 1.71 1.65 1.73 1.93 2.07 1.93 2.03 2.03
0.64 0.69 0.76 0.84 0.92 1.01 1.12 1.25 1.27 1.31 170141000918782798866653488190622531584.00 170141000918782798866653488190622531584.00 170141000918782798866653488190622531584.00 1.48 1.50 1.51 1.53 1.85 1.85 1.86 1.86 1.85 1.70 1.66 1.60 1.61 1.55 1.25 1.66 1.83 2.04
0.63 0.69 0.76 0.83 0.91 0.99 1.10 1.16 1.18 1.26 1.25 1.23 1.21 1.20 1.20 1.49 1.50 1.84 1.84 1.84 1.83 1.71 1.69 1.66 1.47 1.45 1.34 1.23 1.52 1.78 1.91
0.58 0.66 0.73 0.80 0.87 0.94 1.03 1.08 1.09 1.09 1.19 1.17 1.16 1.16 1.15 1.15 1.15 1.83 1.83 1.83 1.71 1.70 1.36 1.43 1.41 1.37 1.34 1.33 1.57 1.66 1.75
0.53 0.62 0.69 0.76 0.83 0.89 0.97 1.01 1.02 1.03 1.14 1.12 1.10 1.11 1.11 1.10 1.18 1.23 1.34 1.71 1.71 1.37 1.34 1.40 1.37 1.34 1.19 1.42 1.57 1.59 1.38
0.49 0.58 0.65 0.72 0.78 0.87 0.91 0.94 0.95 0.98 1.09 1.08 1.06 1.07 1.11 1.12 1.13 1.26 1.28 1.11 1.37 1.35 1.32 1.38 1.35 1.24 1.22 1.29 1.56 1.19 1.21
0.46 0.54 0.61 0.67 0.72 0.83 0.86 0.88 0.90 0.93 1.05 1.03 1.01 1.07 1.07 1.07 1.08 1.09 1.05 1.06 1.07 1.00 1.38 1.37 1.28 1.26 1.25 1.31 1.14 1.10 0.79
0.43 0.50 0.56 0.62 0.74 0.78 0.81 0.83 0.84 0.88 1.01 0.99 0.97 1.02 1.02 1.02 1.03 1.04 1.00 1.01 0.97 0.98 0.99 1.27 1.25 1.24 1.05 1.12 1.07 0.71 0.60
0.40 0.47 0.53 0.58 0.71 0.74 0.77 0.79 0.80 0.84 0.84 0.95 0.96 0.97 0.96 0.95 0.95 0.96 0.93 0.94 0.92 0.93 0.98 1.00 1.07 1.02 1.06 1.02 0.71 0.58 0.48
