t190006.grd
DSAA
125 95
0.0 124
0.0 94
-3.252578 1.682239 
[rows 42 to 55 of 95, columns 93 to 123 of 125]
-0.91 -0.92 -0.92 -0.82 -0.81 -0.78 -0.65 -0.60 -0.47 -0.40 -0.23 170141000918782798866653488190622531584.00 170141000918782798866653488190622531584.00 -0.30 -0.32 -0.29 -0.37 -0.37 -0.36 -0.27 170141000918782798866653488190622531584.00 170141000918782798866653488190622531584.00 170141000918782798866653488190622531584.00 170141000918782798866653488190622531584.00 170141000918782798866653488190622531584.00 170141000918782798866653488190622531584.00 170141000918782798866653488190622531584.00 170141000918782798866653488190622531584.00 170141000918782798866653488190622531584.00 170141000918782798866653488190622531584.00 170141000918782798866653488190622531584.00
-0.89 -0.90 -0.80 -0.80 -0.65 -0.62 -0.61 -0.46 -0.39 -0.31 170141000918782798866653488190622531584.00 170141000918782798866653488190622531584.00 170141000918782798866653488190622531584.00 -0.13 -0.14 -0.20 -0.27 -0.26 -0.27 -0.21 170141000918782798866653488190622531584.00 170141000918782798866653488190622531584.00 170141000918782798866653488190622531584.00 170141000918782798866653488190622531584.00 170141000918782798866653488190622531584.00 170141000918782798866653488190622531584.00 170141000918782798866653488190622531584.00 170141000918782798866653488190622531584.00 170141000918782798866653488190622531584.00 170141000918782798866653488190622531584.00 170141000918782798866653488190622531584.00
-0.88 -0.88 -0.77 -0.62 -0.60 -0.58 -0.46 -0.40 -0.34 -0.26 -0.13 -0.12 170141000918782798866653488190622531584.00 -0.12 -0.12 -0.17 -0.20 -0.21 170141000918782798866653488190622531584.00 170141000918782798866653488190622531584.00 170141000918782798866653488190622531584.00 170141000918782798866653488190622531584.00 170141000918782798866653488190622531584.00 170141000918782798866653488190622531584.00 170141000918782798866653488190622531584.00 170141000918782798866653488190622531584.00 170141000918782798866653488190622531584.00 170141000918782798866653488190622531584.00 170141000918782798866653488190622531584.00 170141000918782798866653488190622531584.00 170141000918782798866653488190622531584.00
-0.86 -0.78 -0.65 -0.63 -0.58 -0.45 -0.40 -0.35 -0.29 -0.22 -0.10 -0.09 170141000918782798866653488190622531584.00 170141000918782798866653488190622531584.00 170141000918782798866653488190622531584.00 170141000918782798866653488190622531584.00 -0.16 170141000918782798866653488190622531584.00 170141000918782798866653488190622531584.00 170141000918782798866653488190622531584.00 170141000918782798866653488190622531584.00 170141000918782798866653488190622531584.00 170141000918782798866653488190622531584.00 170141000918782798866653488190622531584.00 170141000918782798866653488190622531584.00 170141000918782798866653488190622531584.00 170141000918782798866653488190622531584.00 170141000918782798866653488190622531584.00 170141000918782798866653488190622531584.00 170141000918782798866653488190622531584.00 170141000918782798866653488190622531584.00
-0.65 -0.76 -0.45 -0.43 -0.54 -0.24 -0.35 -0.30 -0.24 -0.25 -0.08 -0.07 170141000918782798866653488190622531584.00 170141000918782798866653488190622531584.00 170141000918782798866653488190622531584.00 -0.14 -0.14 -0.14 170141000918782798866653488190622531584.00 170141000918782798866653488190622531584.00 170141000918782798866653488190622531584.00 170141000918782798866653488190622531584.00 170141000918782798866653488190622531584.00 170141000918782798866653488190622531584.00 170141000918782798866653488190622531584.00 170141000918782798866653488190622531584.00 170141000918782798866653488190622531584.00 170141000918782798866653488190622531584.00 170141000918782798866653488190622531584.00 170141000918782798866653488190622531584.00 170141000918782798866653488190622531584.00
-0.61 -0.41 -0.38 -0.35 -0.18 -0.14 -0.09 -0.05 -0.00 0.12 0.12 170141000918782798866653488190622531584.00 170141000918782798866653488190622531584.00 170141000918782798866653488190622531584.00 -0.10 -0.22 -0.21 -0.23 -0.26 170141000918782798866653488190622531584.00 170141000918782798866653488190622531584.00 170141000918782798866653488190622531584.00 170141000918782798866653488190622531584.00 170141000918782798866653488190622531584.00 170141000918782798866653488190622531584.00 170141000918782798866653488190622531584.00 170141000918782798866653488190622531584.00 170141000918782798866653488190622531584.00 170141000918782798866653488190622531584.00 170141000918782798866653488190622531584.00 170141000918782798866653488190622531584.00
-0.37 -0.35 -0.32 -0.28 -0.08 -0.04 0.01 0.06 0.21 0.22 0.22 0.21 170141000918782798866653488190622531584.00 170141000918782798866653488190622531584.00 0.04 -0.07 -0.15 -0.25 -0.28 -0.32 170141000918782798866653488190622531584.00 170141000918782798866653488190622531584.00 170141000918782798866653488190622531584.00 170141000918782798866653488190622531584.00 170141000918782798866653488190622531584.00 170141000918782798866653488190622531584.00 170141000918782798866653488190622531584.00 170141000918782798866653488190622531584.00 170141000918782798866653488190622531584.00 170141000918782798866653488190622531584.00 170141000918782798866653488190622531584.00
-0.33 -0.30 -0.25 -0.04 0.01 0.06 0.12 0.17 0.31 0.32 0.33 0.32 170141000918782798866653488190622531584.00 0.22 0.12 0.01 -0.10 -0.21 -0.31 -0.35 -0.40 -0.44 170141000918782798866653488190622531584.00 170141000918782798866653488190622531584.00 170141000918782798866653488190622531584.00 170141000918782798866653488190622531584.00 170141000918782798866653488190622531584.00 170141000918782798866653488190622531584.00 170141000918782798866653488190622531584.00 170141000918782798866653488190622531584.00 170141000918782798866653488190622531584.00
-0.29 -0.25 -0.19 0.03 0.09 0.16 0.22 0.23 0.41 0.43 0.44 0.44 170141000918782798866653488190622531584.00 0.30 0.20 0.08 -0.04 -0.17 -0.27 -0.38 -0.47 -0.53 -0.57 170141000918782798866653488190622531584.00 170141000918782798866653488190622531584.00 170141000918782798866653488190622531584.00 170141000918782798866653488190622531584.00 170141000918782798866653488190622531584.00 170141000918782798866653488190622531584.00 170141000918782798866653488190622531584.00 170141000918782798866653488190622531584.00
-0.26 -0.20 -0.14 0.10 0.17 0.25 0.27 0.34 0.50 0.56 0.56 0.53 0.47 0.38 0.27 0.15 0.01 -0.13 -0.26 -0.38 -0.48 -0.56 -0.61 -0.64 -0.63 170141000918782798866653488190622531584.00 170141000918782798866653488190622531584.00 170141000918782798866653488190622531584.00 170141000918782798866653488190622531584.00 170141000918782798866653488190622531584.00 170141000918782798866653488190622531584.00
-0.23 -0.16 0.09 0.16 0.24 0.27 0.35 0.53 0.61 0.64 0.64 0.60 0.54 0.46 0.34 0.20 0.05 -0.10 -0.24 -0.38 -0.50 -0.59 -0.65 -0.68 -0.68 170141000918782798866653488190622531584.00 170141000918782798866653488190622531584.00 170141000918782798866653488190622531584.00 170141000918782798866653488190622531584.00 170141000918782798866653488190622531584.00 170141000918782798866653488190622531584.00
-0.20 -0.13 0.13 0.21 0.24 0.34 0.43 0.63 0.67 0.70 0.70 0.66 0.60 0.51 0.40 0.25 0.09 -0.07 -0.22 -0.37 -0.51 -0.61 -0.69 -0.72 -0.71 170141000918782798866653488190622531584.00 170141000918782798866653488190622531584.00 170141000918782798866653488190622531584.00 170141000918782798866653488190622531584.00 170141000918782798866653488190622531584.00 170141000918782798866653488190622531584.00
0.02 0.08 0.16 0.19 0.29 0.42 0.52 0.67 0.72 0.74 0.73 0.70 0.64 0.56 0.44 0.29 0.13 -0.04 -0.20 -0.36 -0.50 -0.62 -0.71 -0.74 -0.73 170141000918782798866653488190622531584.00 170141000918782798866653488190622531584.00 170141000918782798866653488190622531584.00 170141000918782798866653488190622531584.00 170141000918782798866653488190622531584.00 170141000918782798866653488190622531584.00
0.33 0.10 0.18 0.19 0.35 0.45 0.55 0.70 0.74 0.75 0.74 0.71 0.66 0.58 0.46 170141000918782798866653488190622531584.00 0.15 -0.02 -0.18 -0.34 -0.49 -0.61 -0.69 -0.73 170141000918782798866653488190622531584.00 170141000918782798866653488190622531584.00 170141000918782798866653488190622531584.00 170141000918782798866653488190622531584.00 170141000918782798866653488190622531584.00 170141000918782798866653488190622531584.00 170141000918782798866653488190622531584.00
