t190011.grd
DSAA
125 95
0.0 124
0.0 94
-4.820400 0.424521 
[rows 26 to 38 of 95, columns 62 to 92 of 125]
-3.10 -3.03 -2.96 -2.91 -2.62 -2.55 -2.50 -2.45 -2.41 -2.31 -2.15 -2.12 -2.10 -2.02 -1.98 -1.93 -1.87 -1.81 -1.65 -1.63 -1.69 -1.66 -1.63 -1.29 -1.27 -1.25 -1.35 -1.19 -1.22 -1.39 -1.31
-3.12 -3.05 -2.99 -2.94 -2.62 -2.56 -2.51 -2.46 -2.42 -2.31 -2.27 -2.13 -2.13 -2.06 -2.03 -1.99 -1.94 -1.89 -1.76 -1.74 -1.73 -1.70 -1.59 -1.54 -1.43 -1.39 -1.28 -1.33 -1.50 -1.30 -1.34
-3.14 -3.08 -3.02 -2.70 -2.63 -2.57 -2.52 -2.47 -2.43 -2.32 -2.26 -2.16 -2.15 -2.07 -2.04 -2.00 -1.96 -1.76 -1.80 -1.79 -1.77 -1.67 -1.62 -1.57 -1.60 -1.42 -1.33 -1.43 -1.36 -1.38 -1.31
-3.16 -3.10 -3.05 -2.70 -2.64 -2.58 -2.52 -2.48 -2.43 -2.32 -2.25 -2.15 -2.14 -2.07 -2.05 -2.02 -2.04 -1.81 -1.85 -1.83 -1.74 -1.70 -1.65 -1.67 -1.62 -1.64 -1.51 -1.34 -1.35 -1.36 -1.37
-3.18 -3.13 -2.78 -2.71 -2.64 -2.59 -2.53 -2.48 -2.44 -2.32 -2.25 -2.14 -2.13 -2.07 -2.05 -2.08 -2.06 -1.86 -1.89 -1.81 -1.77 -1.73 -1.70 -1.72 -1.65 -1.56 -1.47 -1.35 -1.35 -1.36 -1.42
-3.20 -3.15 -2.78 -2.71 -2.65 -2.60 -2.54 -2.50 -2.43 -2.31 -2.24 -2.12 -2.12 -2.13 -2.10 -2.09 -2.07 -1.90 -1.88 -1.84 -1.83 -1.76 -1.77 -1.71 -1.60 -1.56 -1.48 -1.36 -1.36 -1.36 -1.40
-3.21 -2.85 -2.78 -2.72 -2.66 -2.61 -2.55 -2.51 -2.43 -2.31 -2.23 -2.11 -2.10 -2.12 -2.09 -2.08 -2.07 -1.92 -1.92 -1.88 -1.81 -1.76 -1.67 -1.66 -1.62 -1.57 -1.59 -1.25 -1.25 -1.46 -1.46
-3.23 -2.85 -2.79 -2.73 -2.67 -2.62 -2.57 -2.48 -2.37 -2.33 -2.11 -2.09 -2.08 -2.11 -2.08 -2.07 -2.00 -1.94 -1.91 -1.82 -1.80 -1.72 -1.71 -1.67 -1.63 -1.59 -1.56 -1.33 -1.34 -1.44 -1.44
-2.91 -2.85 -2.79 -2.74 -2.68 -2.63 -2.58 -2.41 -2.37 -2.10 -2.09 -2.08 -2.07 -2.09 -2.01 -1.98 170141000918782798866653488190622531584.00 -1.93 -1.85 -1.82 -1.76 -1.75 -1.60 -1.55 -1.56 -1.62 -1.59 -1.53 -1.43 -1.43 -1.43
-2.91 -2.86 -2.80 -2.74 -2.69 -2.64 -2.47 -2.40 -2.09 -2.09 -2.08 -2.07 -2.05 -1.98 -1.96 -1.95 170141000918782798866653488190622531584.00 -1.86 -1.82 -1.79 -1.68 -1.69 -1.65 -1.61 -1.65 -1.62 -1.59 -1.56 -1.42 -1.42 -1.42
-2.92 -2.86 -2.81 -2.76 -2.70 -2.51 -2.47 -2.09 -2.08 -2.07 -2.06 -2.05 -2.00 170141000918782798866653488190622531584.00 -1.94 -1.91 -1.89 -1.82 -1.79 -1.75 -1.72 -1.68 -1.65 -1.68 -1.65 -1.62 -1.59 -1.56 -1.42 -1.41 -1.41
-2.92 -2.87 -2.82 -2.59 -2.55 -2.13 -2.12 -2.07 -2.07 -2.06 -2.05 -2.00 170141000918782798866653488190622531584.00 170141000918782798866653488190622531584.00 170141000918782798866653488190622531584.00 -1.89 -1.86 -1.80 -1.76 -1.74 -1.71 -1.68 -1.71 -1.68 -1.65 -1.62 -1.60 -1.57 -1.50 -1.38 -1.37
-2.92 -2.67 -2.63 -2.13 -2.13 -2.12 -2.12 170141000918782798866653488190622531584.00 -2.06 -2.00 -1.99 -1.98 170141000918782798866653488190622531584.00 170141000918782798866653488190622531584.00 -1.88 -1.86 -1.79 -1.77 -1.75 -1.73 -1.70 -1.73 -1.71 -1.68 -1.65 -1.63 -1.60 -1.57 -1.55 -1.38 -1.31
