t190009.grd
DSAA
125 95
0.0 124
0.0 94
-2.978251 2.408821 
[rows 14 to 27 of 95, columns 31 to 61 of 125]
170141000918782798866653488190622531584.00 170141000918782798866653488190622531584.00 170141000918782798866653488190622531584.00 170141000918782798866653488190622531584.00 170141000918782798866653488190622531584.00 170141000918782798866653488190622531584.00 170141000918782798866653488190622531584.00 170141000918782798866653488190622531584.00 170141000918782798866653488190622531584.00 170141000918782798866653488190622531584.00 170141000918782798866653488190622531584.00 170141000918782798866653488190622531584.00 170141000918782798866653488190622531584.00 170141000918782798866653488190622531584.00 170141000918782798866653488190622531584.00 170141000918782798866653488190622531584.00 170141000918782798866653488190622531584.00 170141000918782798866653488190622531584.00 170141000918782798866653488190622531584.00 170141000918782798866653488190622531584.00 170141000918782798866653488190622531584.00 170141000918782798866653488190622531584.00 170141000918782798866653488190622531584.00 170141000918782798866653488190622531584.00 170141000918782798866653488190622531584.00 170141000918782798866653488190622531584.00 170141000918782798866653488190622531584.00 170141000918782798866653488190622531584.00 170141000918782798866653488190622531584.00 170141000918782798866653488190622531584.00 170141000918782798866653488190622531584.00
-1.86 -1.93 -2.03 -2.10 -2.02 -2.01 -2.20 -2.22 -2.20 -2.12 -2.10 -2.07 -1.79 -1.72 -1.88 -1.80 -1.74 -1.05 -0.99 170141000918782798866653488190622531584.00 170141000918782798866653488190622531584.00 170141000918782798866653488190622531584.00 170141000918782798866653488190622531584.00 170141000918782798866653488190622531584.00 170141000918782798866653488190622531584.00 170141000918782798866653488190622531584.00 170141000918782798866653488190622531584.00 170141000918782798866653488190622531584.00 170141000918782798866653488190622531584.00 170141000918782798866653488190622531584.00 170141000918782798866653488190622531584.00
-1.78 -1.91 -2.10 -2.16 -2.07 -2.06 -2.21 -2.22 -2.20 -2.14 -2.11 -1.89 -1.83 -1.73 -1.84 -1.75 -1.69 -1.06 -1.00 -0.92 -0.68 -0.71 -0.66 -0.63 -0.27 170141000918782798866653488190622531584.00 170141000918782798866653488190622531584.00 170141000918782798866653488190622531584.00 170141000918782798866653488190622531584.00 170141000918782798866653488190622531584.00 170141000918782798866653488190622531584.00
-1.79 -2.03 -2.25 -2.23 -2.12 -2.10 -2.23 -2.23 -2.21 -2.14 -2.13 -1.97 -1.90 -1.73 -1.77 -1.69 -1.64 -1.08 -0.98 -0.91 -0.69 -0.70 -0.65 -0.62 -0.31 -0.24 -0.15 -0.04 0.07 170141000918782798866653488190622531584.00 0.25
-1.99 -2.14 -2.25 -2.26 -2.15 -2.13 -2.25 -2.26 -2.17 -2.14 -2.11 -2.15 -2.08 -1.68 -1.66 -1.62 -1.58 -1.11 -0.99 -0.92 -0.72 -0.70 -0.64 -0.65 -0.37 -0.28 -0.18 -0.05 0.10 0.24 0.34
-2.10 -2.18 -2.24 -2.26 -2.26 -2.12 -2.34 -2.16 -2.13 -2.14 -2.22 -2.35 -2.33 -1.68 -1.65 -1.57 -1.52 -1.14 -1.01 -0.94 -0.77 -0.77 -0.80 -0.77 -0.41 -0.33 -0.24 -0.05 0.14 0.32 0.45
-2.29 -2.21 -2.24 -2.26 -2.27 -2.12 -1.99 -2.09 -2.07 -2.10 -2.08 -2.23 -2.12 -1.95 -1.72 -1.54 -1.52 -1.12 -1.02 -0.97 -0.83 -0.90 -0.97 -0.85 -0.45 -0.35 -0.25 -0.04 0.17 0.40 0.61
-2.31 -2.31 -2.28 -2.35 -2.34 -2.17 -1.91 -2.05 -1.98 -2.00 -1.95 -2.02 -1.98 -1.98 -1.79 -1.65 -1.60 -1.08 -1.03 -1.00 -0.86 -0.93 -0.91 -0.56 -0.44 -0.32 -0.19 -0.02 0.18 0.38 0.56
-2.27 -2.25 -2.23 -2.30 -2.16 -2.09 -1.95 -2.03 -1.85 -1.73 -1.73 -1.72 -1.78 -1.53 -1.08 -1.12 -1.15 -1.18 -1.05 -1.02 -0.86 -0.92 -0.88 -0.48 -0.39 -0.28 -0.15 -0.00 0.16 0.31 0.48
-2.20 -2.18 -2.23 -2.24 -2.06 -2.01 -1.88 -1.78 -1.71 -1.59 -1.56 -1.51 -1.54 -1.48 -0.99 -1.03 -1.08 -1.11 -1.06 -1.04 -0.85 -0.91 -0.87 -0.41 -0.33 -0.24 -0.13 -0.00 0.12 0.24 0.43
-2.14 -2.11 -2.03 -2.03 -2.00 -1.95 -1.89 -1.72 -1.72 -1.47 -1.41 -1.33 -1.30 -1.13 -0.93 -0.96 -1.01 -1.05 -1.05 -0.87 -0.84 -0.90 -0.86 -0.36 -0.29 -0.21 -0.11 -0.01 0.09 0.18 0.39
-2.09 -2.01 -1.96 -1.97 -1.95 -1.91 -1.84 -1.67 -1.65 -1.56 -1.30 -1.19 -1.07 -0.90 -0.85 -0.92 -0.96 -1.01 -1.01 -0.85 -0.83 -0.89 -0.86 -0.32 -0.26 -0.19 -0.11 -0.02 0.06 0.13 0.37
-2.13 -1.99 -1.93 -1.95 -1.93 -1.79 -1.79 -1.63 -1.61 -1.52 -1.24 -1.13 -1.03 -0.76 -0.83 -0.90 -0.96 -1.00 -0.99 -0.84 -0.81 -0.88 -0.85 -0.28 -0.23 -0.17 -0.11 -0.04 0.03 0.09 0.34
-2.06 -2.00 -1.96 -1.95 -1.83 -1.78 -1.76 -1.61 -1.59 -1.50 -1.40 -1.14 -0.99 -0.85 -0.87 -0.92 -0.96 -1.00 -0.97 -0.83 -0.79 -0.68 -0.67 -0.26 -0.22 -0.16 -0.11 -0.05 0.01 0.06 0.32
