t190003.grd
DSAA
125 95
0.0 124
0.0 94
-6.920565 3.535970 
[rows 26 to 38 of 95, columns 31 to 61 of 125]
-1.99 -2.54 -2.91 -3.06 -3.25 -3.47 -3.74 -4.03 -4.33 -4.44 -4.44 -4.25 -4.04 -4.03 -4.15 -4.28 -4.39 -4.48 -4.53 -4.34 -3.84 -4.30 -4.22 -3.91 -3.92 -3.93 -3.95 -3.97 -4.00 -4.01 -4.12
-1.86 -2.58 -2.88 -3.15 -3.33 -3.53 -3.75 -4.02 -4.22 -4.29 -4.27 -4.24 -4.18 -4.18 -4.22 -4.30 -4.39 -4.47 -4.50 -4.32 -3.79 -3.83 -3.82 -3.91 -3.92 -3.93 -3.95 -3.96 -3.98 -3.99 -4.11
-1.76 -2.59 -3.05 -3.20 -3.36 -3.53 -3.73 -3.89 -4.12 -4.18 -4.18 -4.21 -4.24 -4.29 -4.30 -4.35 -4.41 -4.47 -4.47 -4.29 -3.75 -3.82 -3.81 -3.91 -3.92 -3.93 -3.94 -3.95 -3.96 -3.97 -4.10
-1.63 -2.91 -3.09 -3.26 -3.42 -3.56 -3.70 -3.82 -3.94 -4.00 -4.01 -3.99 -4.27 -4.36 -4.36 -4.39 -4.43 -4.47 -4.42 -4.27 -3.71 -3.81 -3.80 -3.79 -3.91 -3.92 -3.93 -3.93 -3.94 -3.95 -4.09
-2.08 -2.95 -3.11 -3.26 -3.42 -3.54 -3.65 -3.75 -3.85 -3.91 -3.93 -3.92 -4.02 -3.99 -4.41 -4.42 -4.45 -4.48 -4.43 -4.46 -3.69 -3.80 -3.79 -3.78 -3.90 -3.91 -3.91 -3.92 -3.92 -3.93 -4.08
-2.09 -2.97 -3.12 -3.25 -3.40 -3.51 -3.60 -3.69 -3.77 -3.82 -3.85 -3.85 -3.81 -3.96 -3.98 -4.01 -4.46 -4.49 -4.44 -4.46 -3.75 -3.78 -3.78 -3.77 -3.89 -3.89 -3.90 -3.90 -3.91 -3.91 -4.07
-2.17 -2.96 -3.18 -3.27 -3.35 -3.44 -3.53 -3.60 -3.67 -3.75 -3.78 -3.79 -3.77 -3.93 -3.96 -3.99 -4.02 -4.05 -4.45 -4.47 -3.75 -3.77 -3.76 -3.75 -3.90 -3.88 -3.88 -3.89 -3.89 -3.89 -4.07
-2.21 -2.58 -3.17 -3.25 -3.32 -3.40 -3.48 -3.56 -3.62 -3.67 -3.71 -3.73 -3.73 -3.76 -3.93 -3.96 -4.00 -4.03 -4.06 -4.48 -3.84 -3.75 -3.75 -3.74 -3.89 -3.89 -3.87 -3.87 -3.87 -3.87 -4.06
-2.50 -2.59 -3.28 -3.22 -3.29 -3.36 -3.44 -3.51 -3.57 -3.62 -3.66 -3.69 -3.71 -3.73 -3.91 -3.94 -3.98 -4.01 -4.04 -4.09 -4.12 -3.74 -3.73 -3.72 -3.88 -3.88 -3.85 -3.85 -3.86 -3.86 -4.05
-2.56 -2.68 -3.25 -3.28 -3.24 -3.31 -3.38 -3.45 -3.52 -3.57 -3.62 -3.65 -3.67 -3.69 -3.69 -3.92 -3.96 -3.99 -4.03 -4.07 -4.10 -3.59 -3.71 -3.87 -3.87 -3.88 -3.88 -3.84 -3.84 -3.84 -4.04
-2.62 -2.72 -3.20 -3.22 -3.25 -3.24 -3.31 -3.39 -3.47 -3.53 -3.57 -3.61 -3.63 -3.65 -3.66 -3.76 -3.94 -3.98 -4.01 -4.05 -4.09 -3.44 -3.58 -3.86 -3.86 -3.87 -3.87 -3.87 -3.82 -3.83 -4.10
-3.63 -2.75 -3.14 -3.15 -3.16 -3.17 -3.23 -3.33 -3.41 -3.48 -3.53 -3.57 -3.59 -3.62 -3.63 -3.73 -3.85 -3.87 -4.00 -4.04 -4.07 -3.44 -3.56 -3.56 -3.86 -3.86 -3.86 -3.86 -3.81 -4.17 -4.09
-3.52 -3.39 -3.08 -3.09 -3.09 -3.07 -3.18 -3.28 -3.37 -3.43 -3.49 -3.53 -3.56 -3.58 -3.60 -3.61 -3.82 -3.85 -3.87 -4.03 -4.06 -3.43 -3.55 -3.55 -3.85 -3.85 -3.85 -3.85 -3.86 -4.17 -3.80
