t190012.grd
DSAA
125 95
0.0 124
0.0 94
-3.282257 7.280182 
[rows 13 to 25 of 95, columns 31 to 61 of 125]
170141000918782798866653488190622531584.00 170141000918782798866653488190622531584.00 170141000918782798866653488190622531584.00 170141000918782798866653488190622531584.00 170141000918782798866653488190622531584.00 170141000918782798866653488190622531584.00 170141000918782798866653488190622531584.00 170141000918782798866653488190622531584.00 170141000918782798866653488190622531584.00 170141000918782798866653488190622531584.00 170141000918782798866653488190622531584.00 170141000918782798866653488190622531584.00 170141000918782798866653488190622531584.00 170141000918782798866653488190622531584.00 170141000918782798866653488190622531584.00 170141000918782798866653488190622531584.00 170141000918782798866653488190622531584.00 170141000918782798866653488190622531584.00 170141000918782798866653488190622531584.00 170141000918782798866653488190622531584.00 170141000918782798866653488190622531584.00 170141000918782798866653488190622531584.00 170141000918782798866653488190622531584.00 170141000918782798866653488190622531584.00 170141000918782798866653488190622531584.00 170141000918782798866653488190622531584.00 170141000918782798866653488190622531584.00 170141000918782798866653488190622531584.00 170141000918782798866653488190622531584.00 170141000918782798866653488190622531584.00 170141000918782798866653488190622531584.00
170141000918782798866653488190622531584.00 170141000918782798866653488190622531584.00 170141000918782798866653488190622531584.00 170141000918782798866653488190622531584.00 170141000918782798866653488190622531584.00 170141000918782798866653488190622531584.00 170141000918782798866653488190622531584.00 170141000918782798866653488190622531584.00 170141000918782798866653488190622531584.00 170141000918782798866653488190622531584.00 170141000918782798866653488190622531584.00 170141000918782798866653488190622531584.00 170141000918782798866653488190622531584.00 170141000918782798866653488190622531584.00 170141000918782798866653488190622531584.00 170141000918782798866653488190622531584.00 170141000918782798866653488190622531584.00 170141000918782798866653488190622531584.00 170141000918782798866653488190622531584.00 170141000918782798866653488190622531584.00 170141000918782798866653488190622531584.00 170141000918782798866653488190622531584.00 170141000918782798866653488190622531584.00 170141000918782798866653488190622531584.00 170141000918782798866653488190622531584.00 170141000918782798866653488190622531584.00 170141000918782798866653488190622531584.00 170141000918782798866653488190622531584.00 170141000918782798866653488190622531584.00 170141000918782798866653488190622531584.00 170141000918782798866653488190622531584.00
7.26 7.18 7.07 6.99 6.85 6.78 6.49 6.31 5.90 5.58 5.30 4.98 4.45 4.27 3.27 3.19 3.10 3.03 2.96 170141000918782798866653488190622531584.00 170141000918782798866653488190622531584.00 170141000918782798866653488190622531584.00 170141000918782798866653488190622531584.00 170141000918782798866653488190622531584.00 170141000918782798866653488190622531584.00 170141000918782798866653488190622531584.00 170141000918782798866653488190622531584.00 170141000918782798866653488190622531584.00 170141000918782798866653488190622531584.00 170141000918782798866653488190622531584.00 170141000918782798866653488190622531584.00
7.24 7.10 6.91 6.84 6.75 6.72 6.53 6.34 5.95 5.65 5.33 4.65 4.40 4.19 3.30 3.18 3.08 2.98 2.91 2.63 2.79 2.50 2.47 2.41 2.40 170141000918782798866653488190622531584.00 170141000918782798866653488190622531584.00 170141000918782798866653488190622531584.00 170141000918782798866653488190622531584.00 170141000918782798866653488190622531584.00 170141000918782798866653488190622531584.00
7.10 6.86 6.64 6.65 6.64 6.65 6.58 6.36 5.99 5.72 5.37 4.63 4.29 4.08 3.35 3.16 3.04 2.92 2.63 2.65 2.78 2.56 2.53 2.47 2.41 2.29 2.20 2.17 2.18 170141000918782798866653488190622531584.00 2.26
6.76 6.56 6.44 6.47 6.48 6.54 6.56 6.16 5.96 5.75 5.48 4.48 3.99 4.01 3.39 3.08 3.00 2.85 2.67 2.69 2.79 2.63 2.62 2.58 2.44 2.24 2.10 2.09 2.14 2.20 2.25
6.46 6.28 6.24 6.29 6.38 6.33 6.08 5.94 5.77 5.56 5.20 4.10 3.55 3.90 3.24 3.03 3.02 2.79 2.72 2.75 2.83 2.75 2.87 2.77 2.50 2.16 1.96 2.02 2.11 2.20 2.27
6.18 5.96 6.03 6.13 6.24 6.14 5.76 5.70 5.50 5.23 4.56 4.05 3.74 3.42 3.27 3.30 3.09 2.84 2.80 2.83 2.90 2.85 2.99 2.81 2.52 2.17 1.94 2.02 2.12 2.22 2.31
6.02 5.75 5.71 5.80 5.91 5.60 5.49 5.34 5.23 4.96 4.35 4.01 3.88 3.31 3.27 3.21 3.09 2.95 2.88 2.90 2.94 2.80 2.81 2.76 2.52 2.28 2.14 2.12 2.18 2.25 2.32
5.94 5.74 5.65 5.74 5.44 5.40 5.32 5.23 4.93 4.39 4.21 4.02 3.41 3.32 3.24 3.15 3.05 2.95 2.93 2.95 2.96 2.71 2.69 2.68 2.53 2.37 2.27 2.23 2.25 2.29 2.23
5.85 5.69 5.65 5.68 5.33 5.24 5.13 4.99 4.70 4.24 4.08 3.91 3.42 3.26 3.18 3.10 3.03 2.96 2.95 2.98 2.98 2.64 2.61 2.64 2.54 2.43 2.35 2.31 2.31 2.33 2.22
5.75 5.61 5.36 5.33 5.23 5.12 4.86 4.77 4.40 4.13 3.96 3.79 3.41 3.33 3.13 3.06 3.01 2.96 3.07 3.05 2.99 2.58 2.55 2.62 2.54 2.47 2.41 2.37 2.36 2.37 2.22
5.67 5.48 5.34 5.27 5.16 4.90 4.73 4.61 4.32 4.11 3.86 3.68 3.39 3.28 3.14 3.10 3.00 2.96 3.09 3.06 3.00 2.54 2.51 2.60 2.55 2.49 2.45 2.42 2.40 2.40 2.22
