t190012.grd
DSAA
125 95
0.0 124
0.0 94
-3.282257 7.280182 
[rows 13 to 25 of 95, columns 62 to 92 of 125]
170141000918782798866653488190622531584.00 170141000918782798866653488190622531584.00 170141000918782798866653488190622531584.00 170141000918782798866653488190622531584.00 170141000918782798866653488190622531584.00 170141000918782798866653488190622531584.00 170141000918782798866653488190622531584.00 170141000918782798866653488190622531584.00 170141000918782798866653488190622531584.00 170141000918782798866653488190622531584.00 170141000918782798866653488190622531584.00 170141000918782798866653488190622531584.00 170141000918782798866653488190622531584.00 170141000918782798866653488190622531584.00 170141000918782798866653488190622531584.00 170141000918782798866653488190622531584.00 170141000918782798866653488190622531584.00 170141000918782798866653488190622531584.00 170141000918782798866653488190622531584.00 170141000918782798866653488190622531584.00 170141000918782798866653488190622531584.00 170141000918782798866653488190622531584.00 170141000918782798866653488190622531584.00 0.32 0.33 0.23 0.57 0.81 0.65 170141000918782798866653488190622531584.00 170141000918782798866653488190622531584.00
170141000918782798866653488190622531584.00 170141000918782798866653488190622531584.00 170141000918782798866653488190622531584.00 170141000918782798866653488190622531584.00 170141000918782798866653488190622531584.00 170141000918782798866653488190622531584.00 170141000918782798866653488190622531584.00 170141000918782798866653488190622531584.00 170141000918782798866653488190622531584.00 170141000918782798866653488190622531584.00 170141000918782798866653488190622531584.00 170141000918782798866653488190622531584.00 170141000918782798866653488190622531584.00 170141000918782798866653488190622531584.00 170141000918782798866653488190622531584.00 170141000918782798866653488190622531584.00 170141000918782798866653488190622531584.00 170141000918782798866653488190622531584.00 170141000918782798866653488190622531584.00 170141000918782798866653488190622531584.00 170141000918782798866653488190622531584.00 170141000918782798866653488190622531584.00 170141000918782798866653488190622531584.00 0.51 0.58 0.53 0.43 0.85 0.66 0.62 170141000918782798866653488190622531584.00
170141000918782798866653488190622531584.00 170141000918782798866653488190622531584.00 170141000918782798866653488190622531584.00 170141000918782798866653488190622531584.00 170141000918782798866653488190622531584.00 170141000918782798866653488190622531584.00 170141000918782798866653488190622531584.00 170141000918782798866653488190622531584.00 170141000918782798866653488190622531584.00 170141000918782798866653488190622531584.00 170141000918782798866653488190622531584.00 170141000918782798866653488190622531584.00 170141000918782798866653488190622531584.00 170141000918782798866653488190622531584.00 170141000918782798866653488190622531584.00 170141000918782798866653488190622531584.00 170141000918782798866653488190622531584.00 170141000918782798866653488190622531584.00 170141000918782798866653488190622531584.00 170141000918782798866653488190622531584.00 170141000918782798866653488190622531584.00 170141000918782798866653488190622531584.00 170141000918782798866653488190622531584.00 0.42 0.76 0.77 0.55 0.50 0.42 0.48 0.61
170141000918782798866653488190622531584.00 170141000918782798866653488190622531584.00 170141000918782798866653488190622531584.00 170141000918782798866653488190622531584.00 170141000918782798866653488190622531584.00 170141000918782798866653488190622531584.00 170141000918782798866653488190622531584.00 170141000918782798866653488190622531584.00 170141000918782798866653488190622531584.00 170141000918782798866653488190622531584.00 170141000918782798866653488190622531584.00 170141000918782798866653488190622531584.00 170141000918782798866653488190622531584.00 170141000918782798866653488190622531584.00 170141000918782798866653488190622531584.00 170141000918782798866653488190622531584.00 170141000918782798866653488190622531584.00 170141000918782798866653488190622531584.00 170141000918782798866653488190622531584.00 170141000918782798866653488190622531584.00 170141000918782798866653488190622531584.00 170141000918782798866653488190622531584.00 170141000918782798866653488190622531584.00 0.33 0.56 0.62 0.37 0.11 0.05 0.20 -0.00
2.11 2.08 170141000918782798866653488190622531584.00 1.97 1.91 1.85 170141000918782798866653488190622531584.00 170141000918782798866653488190622531584.00 170141000918782798866653488190622531584.00 170141000918782798866653488190622531584.00 170141000918782798866653488190622531584.00 170141000918782798866653488190622531584.00 170141000918782798866653488190622531584.00 170141000918782798866653488190622531584.00 170141000918782798866653488190622531584.00 170141000918782798866653488190622531584.00 170141000918782798866653488190622531584.00 170141000918782798866653488190622531584.00 170141000918782798866653488190622531584.00 170141000918782798866653488190622531584.00 170141000918782798866653488190622531584.00 170141000918782798866653488190622531584.00 0.14 0.28 0.59 0.76 0.62 0.47 0.07 -0.06 170141000918782798866653488190622531584.00
2.13 2.09 2.04 1.97 1.91 1.83 1.77 1.71 1.49 170141000918782798866653488190622531584.00 170141000918782798866653488190622531584.00 170141000918782798866653488190622531584.00 170141000918782798866653488190622531584.00 170141000918782798866653488190622531584.00 170141000918782798866653488190622531584.00 170141000918782798866653488190622531584.00 0.65 -0.01 -0.02 -0.04 -0.05 -0.05 -0.02 0.06 0.36 0.69 0.82 0.46 -0.25 -0.33 -0.16
2.17 2.12 2.05 1.98 1.90 1.82 1.74 1.60 1.56 170141000918782798866653488190622531584.00 170141000918782798866653488190622531584.00 170141000918782798866653488190622531584.00 170141000918782798866653488190622531584.00 170141000918782798866653488190622531584.00 170141000918782798866653488190622531584.00 0.71 0.62 -0.06 -0.09 -0.11 -0.14 -0.18 -0.12 -0.16 -0.30 0.23 0.63 0.32 -0.22 -0.33 -0.22
2.22 2.14 2.07 1.99 1.91 1.83 1.74 1.59 1.55 1.46 170141000918782798866653488190622531584.00 170141000918782798866653488190622531584.00 170141000918782798866653488190622531584.00 0.88 0.78 0.69 0.59 -0.11 -0.14 -0.06 -0.09 -0.14 -0.20 -0.40 -0.53 0.06 0.64 0.44 0.04 -0.12 -0.25
2.22 2.16 2.08 2.01 1.93 1.85 1.72 1.65 1.61 1.51 1.40 1.34 1.21 1.14 1.07 0.66 0.56 -0.01 -0.04 -0.06 -0.10 -0.13 -0.28 -0.33 -0.28 0.02 0.33 0.31 -0.03 -0.24 -0.32
2.20 2.15 2.09 2.02 1.95 1.88 1.75 1.70 1.66 1.48 1.42 1.35 1.25 1.18 1.11 1.02 0.93 -0.01 -0.03 -0.05 -0.07 -0.20 -0.23 -0.23 -0.16 0.02 0.14 -0.10 -0.16 -0.38 -0.55
2.19 2.15 2.09 2.03 1.97 1.91 1.79 1.74 1.71 1.53 1.47 1.41 1.33 1.23 1.15 1.07 1.00 0.73 0.64 -0.11 -0.14 -0.17 -0.18 -0.16 -0.09 -0.01 -0.25 -0.32 -0.32 -0.57 -1.03
2.19 2.15 2.10 2.05 1.99 1.86 1.82 1.78 1.75 1.58 1.53 1.46 1.39 1.28 1.22 1.15 1.08 0.80 0.75 0.66 0.58 -0.13 -0.13 -0.10 -0.47 -0.37 -0.40 -0.51 -0.44 -1.02 -1.25
2.19 2.15 2.11 2.06 2.02 1.88 1.84 1.80 1.78 1.62 1.58 1.51 1.45 1.33 1.28 1.23 1.16 1.09 0.84 0.77 0.70 0.64 -0.08 -0.51 -0.53 -0.46 -0.51 -0.63 -0.80 -1.02 -1.40
