t190010.grd
DSAA
125 95
0.0 124
0.0 94
-4.564341 4.592842 
[rows 14 to 27 of 95, columns 31 to 61 of 125]
170141000918782798866653488190622531584.00 170141000918782798866653488190622531584.00 170141000918782798866653488190622531584.00 170141000918782798866653488190622531584.00 170141000918782798866653488190622531584.00 170141000918782798866653488190622531584.00 170141000918782798866653488190622531584.00 170141000918782798866653488190622531584.00 170141000918782798866653488190622531584.00 170141000918782798866653488190622531584.00 170141000918782798866653488190622531584.00 170141000918782798866653488190622531584.00 170141000918782798866653488190622531584.00 170141000918782798866653488190622531584.00 170141000918782798866653488190622531584.00 170141000918782798866653488190622531584.00 170141000918782798866653488190622531584.00 170141000918782798866653488190622531584.00 170141000918782798866653488190622531584.00 170141000918782798866653488190622531584.00 170141000918782798866653488190622531584.00 170141000918782798866653488190622531584.00 170141000918782798866653488190622531584.00 170141000918782798866653488190622531584.00 170141000918782798866653488190622531584.00 170141000918782798866653488190622531584.00 170141000918782798866653488190622531584.00 170141000918782798866653488190622531584.00 170141000918782798866653488190622531584.00 170141000918782798866653488190622531584.00 170141000918782798866653488190622531584.00
-1.59 -1.70 -1.81 -1.83 -1.56 -1.38 -1.34 -1.18 -0.88 -0.51 -0.36 -0.20 0.28 0.48 0.43 0.65 0.83 1.51 1.65 170141000918782798866653488190622531584.00 170141000918782798866653488190622531584.00 170141000918782798866653488190622531584.00 170141000918782798866653488190622531584.00 170141000918782798866653488190622531584.00 170141000918782798866653488190622531584.00 170141000918782798866653488190622531584.00 170141000918782798866653488190622531584.00 170141000918782798866653488190622531584.00 170141000918782798866653488190622531584.00 170141000918782798866653488190622531584.00 170141000918782798866653488190622531584.00
-1.58 -1.79 -2.02 -1.99 -1.70 -1.47 -1.34 -1.15 -0.88 -0.56 -0.40 0.01 0.21 0.46 0.49 0.73 0.92 1.50 1.66 1.92 2.31 2.26 2.33 2.37 2.59 170141000918782798866653488190622531584.00 170141000918782798866653488190622531584.00 170141000918782798866653488190622531584.00 170141000918782798866653488190622531584.00 170141000918782798866653488190622531584.00 170141000918782798866653488190622531584.00
-1.70 -2.08 -2.35 -2.17 -1.83 -1.54 -1.33 -1.12 -0.88 -0.60 -0.45 -0.15 0.09 0.45 0.58 0.82 1.02 1.49 1.77 1.96 2.28 2.28 2.36 2.39 2.56 2.55 2.56 2.60 2.67 170141000918782798866653488190622531584.00 2.83
-2.05 -2.30 -2.41 -2.26 -1.92 -1.61 -1.32 -1.11 -0.78 -0.64 -0.50 -0.40 -0.13 0.51 0.70 0.89 1.12 1.51 1.79 1.99 2.24 2.28 2.38 2.39 2.52 2.50 2.49 2.54 2.65 2.76 2.85
-2.28 -2.39 -2.41 -2.29 -2.11 -1.68 -1.39 -0.90 -0.74 -0.62 -0.65 -0.64 -0.40 0.49 0.67 0.90 1.26 1.55 1.81 1.99 2.16 2.18 2.23 2.29 2.52 2.44 2.38 2.48 2.63 2.77 2.89
-2.41 -2.47 -2.43 -2.32 -2.18 -1.74 -1.10 -0.78 -0.66 -0.58 -0.43 -0.51 -0.23 0.16 0.59 0.98 1.26 1.59 1.80 1.95 2.07 2.02 2.03 2.16 2.42 2.37 2.33 2.46 2.62 2.79 2.93
-2.43 -2.48 -2.49 -2.08 -1.92 -1.39 -1.01 -0.79 -0.54 -0.46 -0.31 -0.31 -0.07 0.12 0.53 0.87 1.12 1.62 1.78 1.91 2.01 1.93 1.99 2.28 2.34 2.35 2.38 2.48 2.63 2.78 2.91
-2.33 -2.36 -2.36 -2.00 -1.55 -1.28 -0.92 -0.57 -0.27 -0.09 -0.06 0.02 0.01 0.44 1.00 1.09 1.17 1.22 1.74 1.86 1.99 1.87 1.93 2.28 2.32 2.36 2.42 2.51 2.63 2.76 2.95
-2.20 -2.20 -1.99 -1.90 -1.40 -1.15 -0.83 -0.45 -0.11 0.06 0.11 0.20 0.20 0.33 0.97 1.04 1.11 1.17 1.71 1.81 1.98 1.83 1.88 2.30 2.34 2.38 2.44 2.53 2.63 2.73 2.95
-2.05 -2.04 -1.75 -1.53 -1.31 -1.06 -0.79 -0.39 -0.10 0.20 0.25 0.34 0.38 0.67 0.89 1.00 1.06 1.12 1.54 1.57 1.98 1.79 1.84 2.33 2.36 2.40 2.46 2.54 2.62 2.71 2.95
-1.92 -1.78 -1.64 -1.44 -1.23 -0.97 -0.70 -0.35 -0.06 0.14 0.36 0.45 0.53 0.77 0.89 0.99 1.02 1.07 1.50 1.50 1.99 1.77 1.81 2.35 2.38 2.42 2.48 2.54 2.62 2.69 2.95
-2.04 -1.67 -1.54 -1.36 -1.16 -0.87 -0.64 -0.36 -0.05 0.14 0.43 0.52 0.62 0.78 0.88 0.97 1.05 1.12 1.46 1.44 1.59 1.75 1.79 2.37 2.40 2.44 2.49 2.55 2.61 2.67 2.95
-1.97 -1.58 -1.44 -1.29 -1.02 -0.80 -0.58 -0.35 -0.06 0.12 0.28 0.56 0.76 0.78 0.87 0.95 1.03 1.09 1.43 1.40 1.56 1.52 1.57 2.39 2.42 2.46 2.50 2.55 2.60 2.66 2.95
