t190010.grd
DSAA
125 95
0.0 124
0.0 94
-4.564341 4.592842 
[rows 28 to 41 of 95, columns 31 to 61 of 125]
-1.93 -1.75 -0.90 -1.13 -0.95 -0.75 -0.14 0.07 -0.08 0.09 0.25 0.58 0.80 0.77 0.86 0.93 1.00 1.06 1.41 1.36 1.54 1.48 1.53 2.41 2.43 2.47 2.51 2.55 2.60 2.64 2.95
-1.29 -0.81 -0.68 -0.53 -0.35 -0.16 0.03 0.21 0.43 0.58 0.71 0.80 0.82 0.77 0.85 0.92 0.98 1.04 1.25 1.34 1.53 1.45 1.49 1.53 2.45 2.48 2.51 2.55 2.59 2.63 2.94
-1.10 -0.59 -0.46 -0.32 -0.15 0.02 0.19 0.35 0.55 0.68 0.78 0.87 1.12 0.93 0.84 0.90 0.96 1.02 1.21 1.29 1.52 1.42 1.47 1.51 2.46 2.48 2.52 2.55 2.59 2.62 2.94
-0.92 -0.38 -0.26 -0.12 0.04 0.20 0.35 0.49 0.66 0.77 0.87 0.94 0.92 0.98 1.01 1.05 0.95 1.00 1.18 1.25 1.51 1.40 1.45 1.49 2.46 2.49 2.52 2.55 2.58 2.61 2.93
-1.09 -0.63 -0.43 -0.22 -0.02 0.17 0.35 0.51 0.64 0.87 0.95 1.01 0.98 1.02 1.05 1.08 1.11 1.14 1.16 1.23 1.50 1.39 1.43 1.47 1.96 2.49 2.52 2.55 2.58 2.61 2.93
-0.99 -0.77 -0.30 -0.08 0.13 0.32 0.49 0.63 0.75 0.84 0.91 1.07 1.05 1.12 1.09 1.11 1.13 1.15 1.18 1.20 1.45 1.39 1.43 1.46 1.95 2.02 2.52 2.55 2.57 2.60 2.92
-0.96 -0.67 -0.24 0.03 0.26 0.46 0.63 0.76 0.85 0.93 0.98 1.02 1.04 1.18 1.12 1.14 1.16 1.17 1.19 1.45 1.48 1.39 1.42 1.46 1.94 2.01 2.52 2.55 2.57 2.59 2.92
-0.91 -0.61 -0.17 0.10 0.38 0.60 0.76 0.87 0.95 1.00 1.03 1.05 1.07 1.07 1.07 1.17 1.18 1.19 1.21 1.45 1.48 1.50 1.42 1.87 1.94 2.00 2.06 2.54 2.56 2.59 2.91
-0.88 -0.57 -0.13 0.17 0.46 0.72 0.88 0.97 1.02 1.04 1.06 1.07 1.08 1.08 1.07 1.10 1.21 1.22 1.22 1.46 1.49 1.70 1.53 1.87 1.93 1.99 2.05 2.10 2.56 2.58 2.56
-1.05 -0.57 -0.14 0.19 0.52 0.81 0.98 1.03 1.05 1.06 1.06 1.07 1.07 1.06 1.05 1.07 0.99 0.99 1.24 1.46 1.49 1.70 1.54 1.56 1.93 1.98 2.04 2.09 2.56 2.53 2.55
-1.09 -0.73 -0.21 0.13 0.48 0.81 0.94 1.00 1.02 1.03 1.03 1.04 1.03 1.03 1.02 1.01 0.96 0.95 0.95 1.47 1.49 1.70 1.55 1.57 1.93 1.98 2.03 2.08 2.12 2.53 2.60
-1.17 -0.81 -0.34 -0.01 0.32 0.60 0.79 0.87 0.86 0.95 0.97 0.98 0.98 0.98 0.98 0.97 0.91 0.91 0.91 0.91 1.49 1.70 1.73 1.57 1.90 1.95 2.02 2.03 2.65 2.59 2.52
-1.28 -0.94 -0.59 -0.20 0.11 0.37 0.57 0.70 0.77 0.73 0.75 0.75 0.91 0.92 0.92 0.92 0.79 0.79 0.78 0.76 0.75 1.11 1.16 1.15 1.15 1.14 170141000918782798866653488190622531584.00 170141000918782798866653488190622531584.00 170141000918782798866653488190622531584.00 170141000918782798866653488190622531584.00 170141000918782798866653488190622531584.00
170141000918782798866653488190622531584.00 170141000918782798866653488190622531584.00 170141000918782798866653488190622531584.00 170141000918782798866653488190622531584.00 170141000918782798866653488190622531584.00 170141000918782798866653488190622531584.00 170141000918782798866653488190622531584.00 170141000918782798866653488190622531584.00 170141000918782798866653488190622531584.00 170141000918782798866653488190622531584.00 170141000918782798866653488190622531584.00 170141000918782798866653488190622531584.00 170141000918782798866653488190622531584.00 170141000918782798866653488190622531584.00 170141000918782798866653488190622531584.00 0.73 0.73 0.73 0.73 0.72 0.64 1.18 1.17 1.16 1.16 1.15 170141000918782798866653488190622531584.00 170141000918782798866653488190622531584.00 170141000918782798866653488190622531584.00 170141000918782798866653488190622531584.00 170141000918782798866653488190622531584.00
