t190011.grd
DSAA
125 95
0.0 124
0.0 94
-4.820400 0.424521 
[rows 13 to 25 of 95, columns 62 to 92 of 125]
170141000918782798866653488190622531584.00 170141000918782798866653488190622531584.00 170141000918782798866653488190622531584.00 170141000918782798866653488190622531584.00 170141000918782798866653488190622531584.00 170141000918782798866653488190622531584.00 170141000918782798866653488190622531584.00 170141000918782798866653488190622531584.00 170141000918782798866653488190622531584.00 170141000918782798866653488190622531584.00 170141000918782798866653488190622531584.00 170141000918782798866653488190622531584.00 170141000918782798866653488190622531584.00 170141000918782798866653488190622531584.00 170141000918782798866653488190622531584.00 170141000918782798866653488190622531584.00 170141000918782798866653488190622531584.00 170141000918782798866653488190622531584.00 170141000918782798866653488190622531584.00 170141000918782798866653488190622531584.00 170141000918782798866653488190622531584.00 170141000918782798866653488190622531584.00 170141000918782798866653488190622531584.00 -0.51 -0.59 -0.53 -0.23 -0.31 -0.42 170141000918782798866653488190622531584.00 170141000918782798866653488190622531584.00
170141000918782798866653488190622531584.00 170141000918782798866653488190622531584.00 170141000918782798866653488190622531584.00 170141000918782798866653488190622531584.00 170141000918782798866653488190622531584.00 170141000918782798866653488190622531584.00 170141000918782798866653488190622531584.00 170141000918782798866653488190622531584.00 170141000918782798866653488190622531584.00 170141000918782798866653488190622531584.00 170141000918782798866653488190622531584.00 170141000918782798866653488190622531584.00 170141000918782798866653488190622531584.00 170141000918782798866653488190622531584.00 170141000918782798866653488190622531584.00 170141000918782798866653488190622531584.00 170141000918782798866653488190622531584.00 170141000918782798866653488190622531584.00 170141000918782798866653488190622531584.00 170141000918782798866653488190622531584.00 170141000918782798866653488190622531584.00 170141000918782798866653488190622531584.00 170141000918782798866653488190622531584.00 -0.19 -0.23 -0.28 -0.41 -0.41 -0.47 -0.66 170141000918782798866653488190622531584.00
170141000918782798866653488190622531584.00 170141000918782798866653488190622531584.00 170141000918782798866653488190622531584.00 170141000918782798866653488190622531584.00 170141000918782798866653488190622531584.00 170141000918782798866653488190622531584.00 170141000918782798866653488190622531584.00 170141000918782798866653488190622531584.00 170141000918782798866653488190622531584.00 170141000918782798866653488190622531584.00 170141000918782798866653488190622531584.00 170141000918782798866653488190622531584.00 170141000918782798866653488190622531584.00 170141000918782798866653488190622531584.00 170141000918782798866653488190622531584.00 170141000918782798866653488190622531584.00 170141000918782798866653488190622531584.00 170141000918782798866653488190622531584.00 170141000918782798866653488190622531584.00 170141000918782798866653488190622531584.00 170141000918782798866653488190622531584.00 170141000918782798866653488190622531584.00 170141000918782798866653488190622531584.00 -0.17 -0.17 -0.29 -0.47 -0.51 -0.75 -0.76 -0.74
170141000918782798866653488190622531584.00 170141000918782798866653488190622531584.00 170141000918782798866653488190622531584.00 170141000918782798866653488190622531584.00 170141000918782798866653488190622531584.00 170141000918782798866653488190622531584.00 170141000918782798866653488190622531584.00 170141000918782798866653488190622531584.00 170141000918782798866653488190622531584.00 170141000918782798866653488190622531584.00 170141000918782798866653488190622531584.00 170141000918782798866653488190622531584.00 170141000918782798866653488190622531584.00 170141000918782798866653488190622531584.00 170141000918782798866653488190622531584.00 170141000918782798866653488190622531584.00 170141000918782798866653488190622531584.00 170141000918782798866653488190622531584.00 170141000918782798866653488190622531584.00 170141000918782798866653488190622531584.00 170141000918782798866653488190622531584.00 170141000918782798866653488190622531584.00 170141000918782798866653488190622531584.00 -0.03 -0.05 -0.26 -0.68 -0.86 -0.88 -0.94 -0.97
-3.14 -3.04 170141000918782798866653488190622531584.00 -2.88 -2.81 -2.75 170141000918782798866653488190622531584.00 170141000918782798866653488190622531584.00 170141000918782798866653488190622531584.00 170141000918782798866653488190622531584.00 170141000918782798866653488190622531584.00 170141000918782798866653488190622531584.00 170141000918782798866653488190622531584.00 170141000918782798866653488190622531584.00 170141000918782798866653488190622531584.00 170141000918782798866653488190622531584.00 170141000918782798866653488190622531584.00 170141000918782798866653488190622531584.00 170141000918782798866653488190622531584.00 170141000918782798866653488190622531584.00 170141000918782798866653488190622531584.00 170141000918782798866653488190622531584.00 -0.40 -0.38 -0.26 -0.33 -0.66 -0.90 -0.91 -0.94 170141000918782798866653488190622531584.00
-3.09 -2.99 -2.91 -2.83 -2.76 -2.70 -2.65 -2.61 -2.15 170141000918782798866653488190622531584.00 170141000918782798866653488190622531584.00 170141000918782798866653488190622531584.00 170141000918782798866653488190622531584.00 170141000918782798866653488190622531584.00 170141000918782798866653488190622531584.00 170141000918782798866653488190622531584.00 -1.29 -0.50 -0.51 -0.51 -0.51 -0.51 -0.51 -0.51 -0.66 -0.61 -0.64 -0.80 -1.08 -1.03 -1.02
-3.04 -2.94 -2.87 -2.79 -2.73 -2.66 -2.60 -2.43 -2.40 170141000918782798866653488190622531584.00 170141000918782798866653488190622531584.00 170141000918782798866653488190622531584.00 170141000918782798866653488190622531584.00 170141000918782798866653488190622531584.00 170141000918782798866653488190622531584.00 -1.44 -1.36 -0.56 -0.57 -0.57 -0.58 -0.59 -0.63 -0.77 -0.78 -0.76 -0.90 -1.02 -1.15 -1.13 -1.13
-2.99 -2.91 -2.84 -2.77 -2.71 -2.64 -2.58 -2.38 -2.35 -2.05 170141000918782798866653488190622531584.00 170141000918782798866653488190622531584.00 170141000918782798866653488190622531584.00 -1.65 -1.57 -1.50 -1.42 -0.61 -0.62 -0.67 -0.67 -0.69 -0.83 -0.84 -0.87 -1.01 -1.07 -1.31 -1.15 -1.17 -1.08
-2.98 -2.90 -2.83 -2.77 -2.71 -2.65 -2.46 -2.40 -2.37 -2.08 -2.04 -2.00 -1.89 -1.83 -1.76 -1.55 -1.48 -0.69 -0.70 -0.71 -0.72 -0.86 -0.87 -0.89 -1.07 -1.11 -1.28 -1.32 -1.18 -1.06 -1.04
-3.00 -2.91 -2.84 -2.78 -2.72 -2.67 -2.46 -2.41 -2.38 -2.27 -2.10 -2.07 -1.93 -1.87 -1.81 -1.75 -1.68 -0.72 -0.73 -0.74 -0.88 -0.89 -1.14 -1.10 -1.12 -1.15 -1.28 -1.28 -1.06 -1.03 -1.01
-3.03 -2.94 -2.87 -2.80 -2.75 -2.71 -2.47 -2.42 -2.39 -2.28 -2.12 -2.08 -2.05 -1.91 -1.85 -1.79 -1.78 -1.32 -1.31 -0.89 -0.90 -1.15 -1.16 -1.13 -1.15 -1.18 -1.19 -1.15 -1.02 -1.00 -1.20
-3.05 -2.97 -2.90 -2.84 -2.79 -2.54 -2.48 -2.43 -2.40 -2.29 -2.13 -2.10 -2.07 -1.94 -1.93 -1.88 -1.81 -1.41 -1.38 -1.52 -1.16 -1.17 -1.18 -1.16 -1.17 -1.18 -1.16 -1.14 -0.99 -1.26 -1.23
-3.08 -3.00 -2.93 -2.87 -2.82 -2.54 -2.49 -2.44 -2.41 -2.30 -2.14 -2.11 -2.08 -2.01 -1.96 -1.90 -1.84 -1.78 -1.59 -1.57 -1.55 -1.61 -1.16 -1.17 -1.18 -1.16 -1.14 -1.12 -1.19 -1.20 -1.33
