t190001.grd
DSAA
125 95
0.0 124
0.0 94
-3.793668 5.580661 
[rows 28 to 41 of 95, columns 0 to 30 of 125]
170141000918782798866653488190622531584.00 170141000918782798866653488190622531584.00 170141000918782798866653488190622531584.00 170141000918782798866653488190622531584.00 170141000918782798866653488190622531584.00 170141000918782798866653488190622531584.00 170141000918782798866653488190622531584.00 1.85 1.82 2.05 170141000918782798866653488190622531584.00 1.97 1.93 1.89 1.87 1.91 2.00 2.08 2.12 2.11 2.09 2.11 2.26 2.41 2.57 2.72 2.94 3.56 3.65 3.78 3.80
170141000918782798866653488190622531584.00 170141000918782798866653488190622531584.00 170141000918782798866653488190622531584.00 170141000918782798866653488190622531584.00 170141000918782798866653488190622531584.00 170141000918782798866653488190622531584.00 170141000918782798866653488190622531584.00 2.02 1.96 1.90 1.85 1.79 1.74 1.69 1.67 1.66 1.68 1.68 1.66 1.66 1.72 1.83 1.96 2.17 2.33 2.49 2.75 2.90 3.56 3.63 3.77
170141000918782798866653488190622531584.00 170141000918782798866653488190622531584.00 170141000918782798866653488190622531584.00 170141000918782798866653488190622531584.00 170141000918782798866653488190622531584.00 170141000918782798866653488190622531584.00 170141000918782798866653488190622531584.00 1.92 1.85 1.78 1.71 1.64 1.58 1.52 1.48 1.45 1.42 1.37 1.29 1.24 1.42 1.59 1.75 1.91 2.14 2.36 2.58 2.73 2.95 3.56 2.56
170141000918782798866653488190622531584.00 170141000918782798866653488190622531584.00 170141000918782798866653488190622531584.00 170141000918782798866653488190622531584.00 170141000918782798866653488190622531584.00 170141000918782798866653488190622531584.00 170141000918782798866653488190622531584.00 1.83 1.75 1.67 1.59 1.51 1.44 1.38 1.33 1.28 1.23 1.17 1.10 1.09 1.24 1.41 1.58 1.74 2.02 2.20 2.37 2.58 2.80 2.28 2.23
170141000918782798866653488190622531584.00 170141000918782798866653488190622531584.00 170141000918782798866653488190622531584.00 170141000918782798866653488190622531584.00 170141000918782798866653488190622531584.00 170141000918782798866653488190622531584.00 170141000918782798866653488190622531584.00 1.76 1.67 1.58 1.50 1.42 1.34 1.27 1.21 1.15 1.10 1.06 1.03 1.06 1.16 1.30 1.45 1.61 1.89 2.07 2.23 1.52 1.55 1.57 1.04
170141000918782798866653488190622531584.00 170141000918782798866653488190622531584.00 170141000918782798866653488190622531584.00 170141000918782798866653488190622531584.00 170141000918782798866653488190622531584.00 170141000918782798866653488190622531584.00 170141000918782798866653488190622531584.00 1.71 1.62 1.52 1.43 1.34 1.26 1.19 1.13 1.07 1.03 1.00 0.99 1.03 1.11 1.23 1.37 1.51 1.66 1.96 0.10 1.27 1.30 0.37 0.42
170141000918782798866653488190622531584.00 170141000918782798866653488190622531584.00 170141000918782798866653488190622531584.00 170141000918782798866653488190622531584.00 170141000918782798866653488190622531584.00 170141000918782798866653488190622531584.00 170141000918782798866653488190622531584.00 1.68 1.58 170141000918782798866653488190622531584.00 1.39 1.30 1.21 1.14 1.08 1.02 0.99 0.97 0.97 1.01 1.09 1.19 1.31 1.44 -0.57 -0.30 -0.33 -0.65 -0.13 -0.09 -0.04
170141000918782798866653488190622531584.00 170141000918782798866653488190622531584.00 170141000918782798866653488190622531584.00 170141000918782798866653488190622531584.00 170141000918782798866653488190622531584.00 170141000918782798866653488190622531584.00 170141000918782798866653488190622531584.00 170141000918782798866653488190622531584.00 170141000918782798866653488190622531584.00 170141000918782798866653488190622531584.00 170141000918782798866653488190622531584.00 170141000918782798866653488190622531584.00 1.19 1.12 1.05 1.01 0.97 0.96 0.97 1.01 1.08 1.17 -0.89 -1.39 -1.50 -1.62 -1.74 -1.35 -0.59 -0.84 -0.55
170141000918782798866653488190622531584.00 170141000918782798866653488190622531584.00 170141000918782798866653488190622531584.00 170141000918782798866653488190622531584.00 170141000918782798866653488190622531584.00 170141000918782798866653488190622531584.00 170141000918782798866653488190622531584.00 170141000918782798866653488190622531584.00 170141000918782798866653488190622531584.00 170141000918782798866653488190622531584.00 170141000918782798866653488190622531584.00 170141000918782798866653488190622531584.00 1.19 1.12 1.06 1.01 0.98 0.97 0.99 -1.04 -1.12 -1.19 -1.67 -1.79 -1.91 -2.03 -1.74 -1.76 -1.76 -1.32 -1.22
170141000918782798866653488190622531584.00 170141000918782798866653488190622531584.00 170141000918782798866653488190622531584.00 170141000918782798866653488190622531584.00 170141000918782798866653488190622531584.00 170141000918782798866653488190622531584.00 170141000918782798866653488190622531584.00 170141000918782798866653488190622531584.00 170141000918782798866653488190622531584.00 170141000918782798866653488190622531584.00 170141000918782798866653488190622531584.00 1.29 1.21 1.14 1.08 1.04 -1.00 -1.12 -1.23 -1.34 -1.44 -1.91 -2.04 -2.17 -2.30 -2.12 -2.16 -2.17 -2.17 -1.81 -1.72
170141000918782798866653488190622531584.00 170141000918782798866653488190622531584.00 170141000918782798866653488190622531584.00 170141000918782798866653488190622531584.00 170141000918782798866653488190622531584.00 170141000918782798866653488190622531584.00 170141000918782798866653488190622531584.00 170141000918782798866653488190622531584.00 170141000918782798866653488190622531584.00 170141000918782798866653488190622531584.00 170141000918782798866653488190622531584.00 1.33 -0.65 -0.79 -0.93 -1.07 -1.22 -1.36 -1.50 -1.63 -2.10 -2.24 -2.39 -2.53 -2.67 -2.53 -2.57 -2.59 -2.59 -2.30 -2.21
170141000918782798866653488190622531584.00 170141000918782798866653488190622531584.00 170141000918782798866653488190622531584.00 170141000918782798866653488190622531584.00 170141000918782798866653488190622531584.00 170141000918782798866653488190622531584.00 170141000918782798866653488190622531584.00 170141000918782798866653488190622531584.00 170141000918782798866653488190622531584.00 170141000918782798866653488190622531584.00 -0.48 -0.63 -0.78 -0.93 -1.09 -1.26 -1.42 -1.58 -1.74 -2.24 -2.39 -2.55 -2.71 -2.87 -2.85 -2.92 -2.97 -3.00 -3.00 -2.78 -2.71
170141000918782798866653488190622531584.00 170141000918782798866653488190622531584.00 170141000918782798866653488190622531584.00 170141000918782798866653488190622531584.00 170141000918782798866653488190622531584.00 170141000918782798866653488190622531584.00 170141000918782798866653488190622531584.00 170141000918782798866653488190622531584.00 170141000918782798866653488190622531584.00 170141000918782798866653488190622531584.00 170141000918782798866653488190622531584.00 -0.72 -0.89 -1.06 -1.23 -1.41 -1.59 -1.77 -2.21 -2.47 -2.65 -2.82 -3.00 -3.15 -3.22 -3.30 -3.37 -3.40 -3.41 -3.25 -3.20
170141000918782798866653488190622531584.00 170141000918782798866653488190622531584.00 170141000918782798866653488190622531584.00 170141000918782798866653488190622531584.00 170141000918782798866653488190622531584.00 170141000918782798866653488190622531584.00 170141000918782798866653488190622531584.00 170141000918782798866653488190622531584.00 170141000918782798866653488190622531584.00 170141000918782798866653488190622531584.00 -0.63 -0.80 -0.98 -1.16 -1.35 -1.55 -2.05 -2.22 -2.41 -2.68 -2.87 -3.06 -3.26 -3.46 -3.56 -3.66 -3.74 -3.78 -3.79 -3.70 170141000918782798866653488190622531584.00
