t190004.grd
DSAA
125 95
0.0 124
0.0 94
-2.138889 5.570905 
[rows 14 to 27 of 95, columns 0 to 30 of 125]
170141000918782798866653488190622531584.00 170141000918782798866653488190622531584.00 170141000918782798866653488190622531584.00 170141000918782798866653488190622531584.00 170141000918782798866653488190622531584.00 170141000918782798866653488190622531584.00 170141000918782798866653488190622531584.00 170141000918782798866653488190622531584.00 170141000918782798866653488190622531584.00 170141000918782798866653488190622531584.00 170141000918782798866653488190622531584.00 170141000918782798866653488190622531584.00 170141000918782798866653488190622531584.00 170141000918782798866653488190622531584.00 170141000918782798866653488190622531584.00 170141000918782798866653488190622531584.00 170141000918782798866653488190622531584.00 170141000918782798866653488190622531584.00 170141000918782798866653488190622531584.00 170141000918782798866653488190622531584.00 170141000918782798866653488190622531584.00 170141000918782798866653488190622531584.00 170141000918782798866653488190622531584.00 170141000918782798866653488190622531584.00 170141000918782798866653488190622531584.00 170141000918782798866653488190622531584.00 170141000918782798866653488190622531584.00 170141000918782798866653488190622531584.00 170141000918782798866653488190622531584.00 170141000918782798866653488190622531584.00 170141000918782798866653488190622531584.00
170141000918782798866653488190622531584.00 170141000918782798866653488190622531584.00 170141000918782798866653488190622531584.00 170141000918782798866653488190622531584.00 170141000918782798866653488190622531584.00 170141000918782798866653488190622531584.00 170141000918782798866653488190622531584.00 170141000918782798866653488190622531584.00 170141000918782798866653488190622531584.00 170141000918782798866653488190622531584.00 170141000918782798866653488190622531584.00 170141000918782798866653488190622531584.00 170141000918782798866653488190622531584.00 170141000918782798866653488190622531584.00 170141000918782798866653488190622531584.00 170141000918782798866653488190622531584.00 170141000918782798866653488190622531584.00 170141000918782798866653488190622531584.00 170141000918782798866653488190622531584.00 170141000918782798866653488190622531584.00 170141000918782798866653488190622531584.00 170141000918782798866653488190622531584.00 170141000918782798866653488190622531584.00 170141000918782798866653488190622531584.00 170141000918782798866653488190622531584.00 170141000918782798866653488190622531584.00 0.94 1.03 1.11 1.19 1.75
170141000918782798866653488190622531584.00 170141000918782798866653488190622531584.00 170141000918782798866653488190622531584.00 170141000918782798866653488190622531584.00 170141000918782798866653488190622531584.00 170141000918782798866653488190622531584.00 170141000918782798866653488190622531584.00 170141000918782798866653488190622531584.00 170141000918782798866653488190622531584.00 170141000918782798866653488190622531584.00 170141000918782798866653488190622531584.00 170141000918782798866653488190622531584.00 170141000918782798866653488190622531584.00 170141000918782798866653488190622531584.00 170141000918782798866653488190622531584.00 1.08 1.12 1.18 170141000918782798866653488190622531584.00 170141000918782798866653488190622531584.00 1.62 1.15 1.14 1.23 1.17 1.14 1.01 1.09 1.19 1.27 1.76
170141000918782798866653488190622531584.00 170141000918782798866653488190622531584.00 170141000918782798866653488190622531584.00 170141000918782798866653488190622531584.00 170141000918782798866653488190622531584.00 170141000918782798866653488190622531584.00 170141000918782798866653488190622531584.00 170141000918782798866653488190622531584.00 170141000918782798866653488190622531584.00 170141000918782798866653488190622531584.00 170141000918782798866653488190622531584.00 170141000918782798866653488190622531584.00 170141000918782798866653488190622531584.00 170141000918782798866653488190622531584.00 1.00 0.99 0.99 1.03 1.15 1.48 1.72 1.22 1.13 1.18 1.12 1.11 1.48 1.18 1.28 1.37 1.79
170141000918782798866653488190622531584.00 170141000918782798866653488190622531584.00 170141000918782798866653488190622531584.00 170141000918782798866653488190622531584.00 170141000918782798866653488190622531584.00 170141000918782798866653488190622531584.00 170141000918782798866653488190622531584.00 170141000918782798866653488190622531584.00 170141000918782798866653488190622531584.00 170141000918782798866653488190622531584.00 170141000918782798866653488190622531584.00 170141000918782798866653488190622531584.00 170141000918782798866653488190622531584.00 0.53 0.94 0.90 0.85 0.73 0.93 1.44 1.76 1.25 1.05 1.07 1.04 1.35 1.35 1.49 1.39 1.48 1.84
170141000918782798866653488190622531584.00 170141000918782798866653488190622531584.00 170141000918782798866653488190622531584.00 170141000918782798866653488190622531584.00 170141000918782798866653488190622531584.00 170141000918782798866653488190622531584.00 170141000918782798866653488190622531584.00 170141000918782798866653488190622531584.00 170141000918782798866653488190622531584.00 170141000918782798866653488190622531584.00 170141000918782798866653488190622531584.00 170141000918782798866653488190622531584.00 0.40 0.44 0.47 0.86 0.81 0.79 0.96 1.29 1.29 1.06 1.06 0.95 0.98 1.35 1.45 1.59 1.52 1.61 1.68
170141000918782798866653488190622531584.00 170141000918782798866653488190622531584.00 170141000918782798866653488190622531584.00 170141000918782798866653488190622531584.00 170141000918782798866653488190622531584.00 170141000918782798866653488190622531584.00 170141000918782798866653488190622531584.00 170141000918782798866653488190622531584.00 170141000918782798866653488190622531584.00 170141000918782798866653488190622531584.00 170141000918782798866653488190622531584.00 170141000918782798866653488190622531584.00 0.32 0.36 0.39 0.43 0.86 0.89 1.02 0.94 1.04 0.84 0.87 0.86 0.99 1.40 1.57 1.69 1.65 1.75 1.99
170141000918782798866653488190622531584.00 170141000918782798866653488190622531584.00 170141000918782798866653488190622531584.00 170141000918782798866653488190622531584.00 170141000918782798866653488190622531584.00 170141000918782798866653488190622531584.00 170141000918782798866653488190622531584.00 170141000918782798866653488190622531584.00 170141000918782798866653488190622531584.00 170141000918782798866653488190622531584.00 170141000918782798866653488190622531584.00 0.21 0.25 0.28 0.33 0.37 0.90 0.95 0.74 0.83 0.88 0.70 0.76 0.83 1.20 1.40 1.66 1.76 1.87 2.10 2.11
170141000918782798866653488190622531584.00 170141000918782798866653488190622531584.00 170141000918782798866653488190622531584.00 170141000918782798866653488190622531584.00 170141000918782798866653488190622531584.00 170141000918782798866653488190622531584.00 170141000918782798866653488190622531584.00 170141000918782798866653488190622531584.00 170141000918782798866653488190622531584.00 170141000918782798866653488190622531584.00 170141000918782798866653488190622531584.00 0.15 0.18 0.22 0.27 0.32 0.38 0.98 0.72 0.78 0.37 0.65 0.49 0.66 1.21 1.43 1.63 1.77 1.96 2.19 2.22
170141000918782798866653488190622531584.00 170141000918782798866653488190622531584.00 170141000918782798866653488190622531584.00 170141000918782798866653488190622531584.00 170141000918782798866653488190622531584.00 170141000918782798866653488190622531584.00 170141000918782798866653488190622531584.00 170141000918782798866653488190622531584.00 170141000918782798866653488190622531584.00 170141000918782798866653488190622531584.00 0.08 0.09 0.13 -0.05 -0.07 -0.10 -0.12 0.08 0.14 0.22 0.53 0.44 0.58 0.73 0.89 1.49 1.64 1.76 2.15 2.28 2.32
170141000918782798866653488190622531584.00 170141000918782798866653488190622531584.00 170141000918782798866653488190622531584.00 170141000918782798866653488190622531584.00 170141000918782798866653488190622531584.00 170141000918782798866653488190622531584.00 170141000918782798866653488190622531584.00 170141000918782798866653488190622531584.00 170141000918782798866653488190622531584.00 170141000918782798866653488190622531584.00 -0.11 -0.11 -0.12 -0.15 -0.17 -0.06 -0.04 -0.01 0.09 0.17 0.44 0.48 0.66 0.81 0.93 1.36 1.68 2.04 2.16 2.27 2.42
170141000918782798866653488190622531584.00 170141000918782798866653488190622531584.00 170141000918782798866653488190622531584.00 170141000918782798866653488190622531584.00 170141000918782798866653488190622531584.00 170141000918782798866653488190622531584.00 170141000918782798866653488190622531584.00 170141000918782798866653488190622531584.00 170141000918782798866653488190622531584.00 170141000918782798866653488190622531584.00 170141000918782798866653488190622531584.00 -0.67 -0.70 -0.75 -0.80 -0.69 -0.66 -0.61 -0.58 -0.38 -0.06 0.29 0.60 0.89 0.96 1.32 1.43 2.06 2.19 2.29 2.50
170141000918782798866653488190622531584.00 170141000918782798866653488190622531584.00 170141000918782798866653488190622531584.00 170141000918782798866653488190622531584.00 170141000918782798866653488190622531584.00 170141000918782798866653488190622531584.00 170141000918782798866653488190622531584.00 170141000918782798866653488190622531584.00 170141000918782798866653488190622531584.00 170141000918782798866653488190622531584.00 170141000918782798866653488190622531584.00 -0.85 -0.89 -0.87 -0.88 -0.89 -0.88 -0.82 -0.72 -0.63 -0.34 0.17 0.66 0.66 0.66 1.26 1.36 1.82 2.21 2.31 2.41
170141000918782798866653488190622531584.00 170141000918782798866653488190622531584.00 170141000918782798866653488190622531584.00 170141000918782798866653488190622531584.00 170141000918782798866653488190622531584.00 170141000918782798866653488190622531584.00 170141000918782798866653488190622531584.00 170141000918782798866653488190622531584.00 -0.93 -0.95 170141000918782798866653488190622531584.00 -0.98 -1.01 -1.05 -1.08 -1.11 -1.14 -1.10 -1.02 -0.93 -0.65 -0.15 0.33 0.41 0.43 0.46 1.63 1.78 2.22 2.32 2.42
