t190011.grd
DSAA
125 95
0.0 124
0.0 94
-4.820400 0.424521 
[rows 39 to 51 of 95, columns 93 to 123 of 125]
-1.30 -1.28 -1.26 -1.22 -1.18 -1.07 -1.02 -0.97 -0.90 -0.82 -0.42 -0.31 -0.25 -0.24 -0.05 -0.05 -0.07 0.01 0.17 0.23 170141000918782798866653488190622531584.00 170141000918782798866653488190622531584.00 170141000918782798866653488190622531584.00 170141000918782798866653488190622531584.00 170141000918782798866653488190622531584.00 170141000918782798866653488190622531584.00 170141000918782798866653488190622531584.00 170141000918782798866653488190622531584.00 170141000918782798866653488190622531584.00 170141000918782798866653488190622531584.00 170141000918782798866653488190622531584.00
-1.30 -1.29 -1.27 -1.23 -1.13 -1.09 -1.04 -0.98 -0.81 -0.71 -0.40 -0.30 -0.28 170141000918782798866653488190622531584.00 -0.04 -0.03 0.02 0.02 0.18 0.24 170141000918782798866653488190622531584.00 170141000918782798866653488190622531584.00 170141000918782798866653488190622531584.00 170141000918782798866653488190622531584.00 170141000918782798866653488190622531584.00 170141000918782798866653488190622531584.00 170141000918782798866653488190622531584.00 170141000918782798866653488190622531584.00 170141000918782798866653488190622531584.00 170141000918782798866653488190622531584.00 170141000918782798866653488190622531584.00
-1.31 -1.29 -1.28 -1.25 -1.14 -1.10 -1.05 -0.87 -0.80 -0.70 -0.34 170141000918782798866653488190622531584.00 170141000918782798866653488190622531584.00 170141000918782798866653488190622531584.00 -0.01 -0.01 0.04 0.13 0.18 0.24 170141000918782798866653488190622531584.00 170141000918782798866653488190622531584.00 170141000918782798866653488190622531584.00 170141000918782798866653488190622531584.00 170141000918782798866653488190622531584.00 170141000918782798866653488190622531584.00 170141000918782798866653488190622531584.00 170141000918782798866653488190622531584.00 170141000918782798866653488190622531584.00 170141000918782798866653488190622531584.00 170141000918782798866653488190622531584.00
-1.31 -1.30 -1.29 -1.18 -1.15 -1.11 -0.92 -0.85 -0.79 -0.70 -0.38 170141000918782798866653488190622531584.00 170141000918782798866653488190622531584.00 -0.18 -0.14 0.01 0.02 0.14 0.18 0.23 170141000918782798866653488190622531584.00 170141000918782798866653488190622531584.00 170141000918782798866653488190622531584.00 170141000918782798866653488190622531584.00 170141000918782798866653488190622531584.00 170141000918782798866653488190622531584.00 170141000918782798866653488190622531584.00 170141000918782798866653488190622531584.00 170141000918782798866653488190622531584.00 170141000918782798866653488190622531584.00 170141000918782798866653488190622531584.00
-1.31 -1.30 -1.23 -1.19 -1.04 -0.98 -0.90 -0.78 -0.70 -0.61 170141000918782798866653488190622531584.00 170141000918782798866653488190622531584.00 170141000918782798866653488190622531584.00 -0.16 -0.04 -0.03 0.00 0.08 0.12 0.17 170141000918782798866653488190622531584.00 170141000918782798866653488190622531584.00 170141000918782798866653488190622531584.00 170141000918782798866653488190622531584.00 170141000918782798866653488190622531584.00 170141000918782798866653488190622531584.00 170141000918782798866653488190622531584.00 170141000918782798866653488190622531584.00 170141000918782798866653488190622531584.00 170141000918782798866653488190622531584.00 170141000918782798866653488190622531584.00
-1.32 -1.31 -1.22 -1.07 -1.02 -0.97 -0.82 -0.75 -0.67 -0.59 -0.27 -0.23 170141000918782798866653488190622531584.00 -0.15 -0.03 -0.03 0.05 0.08 170141000918782798866653488190622531584.00 170141000918782798866653488190622531584.00 170141000918782798866653488190622531584.00 170141000918782798866653488190622531584.00 170141000918782798866653488190622531584.00 170141000918782798866653488190622531584.00 170141000918782798866653488190622531584.00 170141000918782798866653488190622531584.00 170141000918782798866653488190622531584.00 170141000918782798866653488190622531584.00 170141000918782798866653488190622531584.00 170141000918782798866653488190622531584.00 170141000918782798866653488190622531584.00
-1.32 -1.04 -1.02 -0.98 -0.92 -0.85 -0.79 -0.72 -0.64 -0.57 -0.26 -0.22 170141000918782798866653488190622531584.00 170141000918782798866653488190622531584.00 170141000918782798866653488190622531584.00 170141000918782798866653488190622531584.00 0.04 170141000918782798866653488190622531584.00 170141000918782798866653488190622531584.00 170141000918782798866653488190622531584.00 170141000918782798866653488190622531584.00 170141000918782798866653488190622531584.00 170141000918782798866653488190622531584.00 170141000918782798866653488190622531584.00 170141000918782798866653488190622531584.00 170141000918782798866653488190622531584.00 170141000918782798866653488190622531584.00 170141000918782798866653488190622531584.00 170141000918782798866653488190622531584.00 170141000918782798866653488190622531584.00 170141000918782798866653488190622531584.00
-1.44 -1.21 -1.32 -1.29 -0.89 -1.19 -0.75 -0.69 -0.62 -0.53 -0.24 -0.21 170141000918782798866653488190622531584.00 170141000918782798866653488190622531584.00 170141000918782798866653488190622531584.00 -0.03 0.04 0.06 170141000918782798866653488190622531584.00 170141000918782798866653488190622531584.00 170141000918782798866653488190622531584.00 170141000918782798866653488190622531584.00 170141000918782798866653488190622531584.00 170141000918782798866653488190622531584.00 170141000918782798866653488190622531584.00 170141000918782798866653488190622531584.00 170141000918782798866653488190622531584.00 170141000918782798866653488190622531584.00 170141000918782798866653488190622531584.00 170141000918782798866653488190622531584.00 170141000918782798866653488190622531584.00
-1.46 -1.36 -1.34 -1.31 -1.26 -1.21 -1.14 -1.07 -0.99 -0.72 -0.66 170141000918782798866653488190622531584.00 170141000918782798866653488190622531584.00 170141000918782798866653488190622531584.00 -0.04 -0.10 -0.06 -0.06 -0.06 170141000918782798866653488190622531584.00 170141000918782798866653488190622531584.00 170141000918782798866653488190622531584.00 170141000918782798866653488190622531584.00 170141000918782798866653488190622531584.00 170141000918782798866653488190622531584.00 170141000918782798866653488190622531584.00 170141000918782798866653488190622531584.00 170141000918782798866653488190622531584.00 170141000918782798866653488190622531584.00 170141000918782798866653488190622531584.00 170141000918782798866653488190622531584.00
-1.39 -1.38 -1.35 -1.33 -1.28 -1.23 -1.17 -1.10 -0.83 -0.78 -0.72 -0.65 170141000918782798866653488190622531584.00 170141000918782798866653488190622531584.00 -0.35 -0.29 -0.29 -0.10 -0.11 -0.11 170141000918782798866653488190622531584.00 170141000918782798866653488190622531584.00 170141000918782798866653488190622531584.00 170141000918782798866653488190622531584.00 170141000918782798866653488190622531584.00 170141000918782798866653488190622531584.00 170141000918782798866653488190622531584.00 170141000918782798866653488190622531584.00 170141000918782798866653488190622531584.00 170141000918782798866653488190622531584.00 170141000918782798866653488190622531584.00
-1.41 -1.39 -1.37 -1.35 -1.31 -1.26 -1.21 -1.14 -0.90 -0.85 -0.79 -0.72 170141000918782798866653488190622531584.00 -0.51 -0.45 -0.40 -0.38 -0.37 -0.16 -0.16 -0.17 -0.17 170141000918782798866653488190622531584.00 170141000918782798866653488190622531584.00 170141000918782798866653488190622531584.00 170141000918782798866653488190622531584.00 170141000918782798866653488190622531584.00 170141000918782798866653488190622531584.00 170141000918782798866653488190622531584.00 170141000918782798866653488190622531584.00 170141000918782798866653488190622531584.00
-1.42 -1.41 -1.39 -1.37 -1.33 -1.29 -1.24 -1.20 -0.96 -0.92 -0.87 -0.72 170141000918782798866653488190622531584.00 -0.62 -0.56 -0.52 -0.48 -0.46 -0.40 -0.37 -0.34 -0.31 -0.29 170141000918782798866653488190622531584.00 170141000918782798866653488190622531584.00 170141000918782798866653488190622531584.00 170141000918782798866653488190622531584.00 170141000918782798866653488190622531584.00 170141000918782798866653488190622531584.00 170141000918782798866653488190622531584.00 170141000918782798866653488190622531584.00
-1.44 -1.43 -1.42 -1.39 -1.36 -1.33 -1.29 -1.24 -1.04 -0.89 -0.86 -0.82 -0.78 -0.73 -0.68 -0.63 -0.59 -0.56 -0.49 -0.46 -0.43 -0.40 -0.37 -0.34 -0.32 170141000918782798866653488190622531584.00 170141000918782798866653488190622531584.00 170141000918782798866653488190622531584.00 170141000918782798866653488190622531584.00 170141000918782798866653488190622531584.00 170141000918782798866653488190622531584.00
